9352.89
34 49 78 109 117 151 181 282 359 386 416 484 502 528 569 589 597 623 762 780 790 807 824 911 916 934 940 955 988 
12 53 127 141 142 143 227 280 321 336 376 389 407 409 536 558 562 627 634 680 715 752 800 871 876 881 
26 37 111 119 190 195 196 198 207 284 323 331 417 419 420 426 503 507 572 628 638 648 649 683 684 698 734 910 944 968 973 983 
130 176 255 664 810 856 907 
73 534 576 902 
62 313 413 475 625 719 759 867 959 978 
158 186 266 268 304 381 451 481 526 670 687 705 768 792 840 987 
6 83 631 
17 165 234 415 430 455 465 527 598 617 682 688 699 730 736 751 799 811 852 870 875 931 941 954 
134 177 201 257 385 390 489 640 760 764 
40 124 180 586 622 849 
66 98 157 249 263 278 311 360 398 519 574 604 642 681 728 738 820 896 917 928 937 943 946 972 
15 39 103 238 271 288 472 548 553 726 727 765 814 947 960 
2 91 99 125 153 204 244 326 383 387 400 427 434 437 515 544 585 635 663 721 778 847 
199 237 332 803 868 
93 101 102 144 167 211 261 320 327 329 335 354 377 384 435 461 505 570 632 651 657 665 689 700 742 748 761 763 893 900 915 953 
48 148 206 210 279 352 440 486 512 518 607 609 725 801 822 843 874 
108 137 328 382 740 
18 33 41 72 85 189 286 292 306 334 366 436 441 547 566 579 610 645 677 769 796 802 830 963 975 993 999 
9 65 86 113 150 162 172 173 178 229 256 259 289 301 333 450 473 477 497 501 517 529 557 571 587 594 716 718 722 853 949 969 
42 75 224 228 285 291 346 355 364 463 479 485 488 504 590 601 614 654 732 745 789 794 829 841 851 854 857 914 927 933 951 965 
19 112 183 369 374 397 444 471 494 496 595 630 675 724 784 895 918 
10 22 44 147 185 240 330 401 403 457 460 467 523 565 603 616 656 869 905 929 982 
25 31 55 64 107 159 179 184 209 213 361 363 433 554 559 582 593 600 639 643 690 706 773 791 804 866 952 
1 3 36 51 106 136 205 220 233 276 293 340 379 414 428 491 511 514 539 599 661 741 749 757 767 775 838 850 861 926 935 962 
11 13 138 216 239 246 297 439 443 459 510 577 644 711 785 859 932 966 981 1000 
80 155 232 438 462 470 538 568 652 678 713 723 774 832 
90 105 123 156 164 191 225 273 365 371 404 422 541 702 714 836 863 885 898 
21 58 74 116 281 338 347 423 446 448 454 584 647 660 685 686 692 729 793 835 899 906 909 989 
28 30 35 46 56 61 94 100 126 223 231 243 245 265 337 353 378 408 449 516 531 537 560 624 667 691 710 744 755 957 961 976 
114 120 121 128 149 200 236 302 322 388 464 555 575 615 621 626 717 720 805 809 860 884 908 994 
47 54 59 88 110 154 197 217 247 264 300 307 350 367 424 429 493 543 551 573 629 646 658 659 671 673 739 746 777 945 979 997 
5 70 168 188 214 219 221 316 339 391 405 509 545 588 611 676 694 703 704 709 712 731 787 812 819 828 858 878 887 920 938 
145 310 816 842 921 922 
160 251 540 808 
16 43 96 97 161 175 215 270 290 351 368 375 412 431 432 447 474 525 549 620 636 637 771 788 817 826 846 877 879 891 901 986 
71 152 169 171 174 192 208 222 277 295 303 325 358 395 476 492 520 521 522 530 564 605 747 770 772 831 880 924 939 956 971 
27 63 131 146 193 254 267 319 324 370 532 580 612 766 825 882 904 970 985 
81 139 187 294 411 495 
8 20 67 84 129 166 203 317 341 342 425 506 524 550 613 707 708 783 873 912 930 964 992 996 
50 115 182 202 248 258 269 299 357 380 392 399 406 466 546 592 619 655 674 815 834 839 844 862 894 923 936 958 984 
4 23 32 57 68 89 242 250 272 305 343 356 410 453 468 552 556 650 662 754 758 798 813 821 823 837 864 872 967 
52 77 118 122 132 309 312 344 421 490 499 508 513 583 602 695 696 733 735 743 776 782 786 797 827 855 919 
194 253 275 283 458 563 641 756 886 
14 76 92 95 218 252 262 298 314 362 393 442 469 480 561 567 578 596 666 750 818 833 848 888 903 948 995 
45 79 140 212 315 349 500 591 608 693 697 779 795 892 974 980 
7 24 29 60 104 133 135 235 296 308 345 452 478 535 606 701 913 925 998 
38 69 87 163 274 287 318 348 372 396 402 445 487 533 542 581 633 668 669 679 781 845 897 977 990 991 
82 230 241 260 373 394 418 482 483 672 737 806 865 883 890 942 950 
170 226 456 498 618 653 753 889 
