32602.44
3 14 17 24 29 35 61 62 77 92 102 104 123 125 126 131 134 173 186 195 197 198 214 253 292 294 308 315 317 322 376 377 395 398 399 427 434 437 442 459 463 476 478 487 513 521 546 547 557 589 594 596 603 614 626 634 640 683 684 698 700 710 750 759 763 782 784 
1 20 21 37 168 178 193 211 226 241 267 289 306 339 350 391 397 400 486 491 494 514 531 535 576 609 622 651 657 690 699 739 764 779 
11 13 30 51 53 70 78 90 129 136 145 147 159 181 182 194 201 237 248 249 261 279 286 288 290 297 312 344 366 371 378 384 401 402 405 407 409 410 423 435 436 462 467 474 479 501 502 503 525 532 540 548 553 555 558 559 578 582 585 592 633 648 649 666 692 702 708 723 741 747 760 786 789 
23 26 44 48 56 57 58 66 67 71 74 88 100 103 106 124 128 144 153 192 204 215 235 245 266 269 274 284 299 300 302 314 349 351 353 354 358 360 381 386 387 406 411 421 451 464 473 475 492 508 518 537 538 544 552 560 562 572 581 584 591 629 644 653 667 688 715 728 731 734 742 743 758 
65 107 116 122 220 257 287 293 365 412 414 420 454 477 519 536 565 579 686 714 752 769 
27 36 39 45 46 54 55 93 132 133 161 222 231 238 240 250 258 260 268 304 313 316 320 324 333 375 388 392 403 422 432 441 444 458 465 470 490 515 516 517 524 528 541 556 570 580 625 637 641 647 650 655 660 674 676 696 701 709 713 748 751 754 774 775 787 792 794 
4 42 64 82 84 85 95 167 190 244 278 281 341 357 369 370 390 426 440 500 504 620 627 632 652 665 670 691 694 712 732 746 767 796 
151 166 254 330 482 598 638 642 
8 9 18 22 28 52 60 69 73 127 143 155 171 175 188 206 213 224 242 256 264 265 271 311 334 352 355 361 363 447 455 456 460 468 469 471 511 520 529 533 563 586 590 599 608 616 624 630 635 636 669 671 687 703 720 738 744 757 776 781 795 
94 105 112 135 138 169 180 184 207 209 239 340 348 383 413 439 445 507 509 545 577 595 682 689 705 722 766 788 
5 16 34 38 47 72 81 118 139 141 142 157 164 165 172 185 202 228 243 246 247 252 275 285 291 296 318 328 362 364 367 431 438 450 485 488 534 568 575 606 612 613 646 654 662 717 718 773 
33 75 76 111 113 149 154 160 230 234 295 305 321 327 368 380 382 429 457 461 483 498 505 583 604 664 680 697 
15 63 99 109 170 200 203 208 210 212 232 255 262 263 273 276 342 356 396 416 417 418 448 522 526 527 564 571 597 602 617 618 639 645 656 659 672 727 745 755 771 
10 12 19 31 32 40 43 50 59 79 83 86 87 91 97 108 110 114 120 121 137 140 150 156 158 162 163 174 176 179 183 189 191 196 199 205 218 221 223 227 229 233 259 270 277 280 283 298 307 323 325 326 335 343 346 347 372 373 374 379 385 389 415 419 425 430 433 443 446 449 452 466 472 489 495 496 497 499 539 543 549 550 551 554 561 566 567 574 587 593 610 611 615 619 621 623 628 631 643 658 663 673 677 678 679 681 693 707 721 724 730 735 737 740 753 761 772 790 791 
2 6 7 25 41 49 68 80 89 96 98 101 115 117 119 130 146 148 152 177 187 216 217 219 225 236 251 272 282 301 303 309 310 319 329 331 332 336 337 338 345 359 393 394 404 408 424 428 453 480 481 484 493 506 510 512 523 530 542 569 573 588 600 601 605 607 661 668 675 685 695 704 706 711 716 719 725 726 729 733 736 749 756 762 765 768 770 777 778 780 783 785 793 
