10687.91
25 97 145 184 219 229 246 269 281 282 283 293 301 361 414 441 530 542 551 589 662 665 666 667 692 700 707 718 764 858 863 879 899 925 937 956 971 
85 210 217 265 275 319 353 362 408 469 498 502 517 553 693 728 903 934 985 995 
149 413 877 
29 204 221 360 726 789 876 
39 43 44 95 103 237 427 524 531 550 581 867 897 983 
207 209 235 364 387 592 616 663 695 791 823 843 947 
13 21 109 173 541 828 999 
12 106 142 154 155 242 431 481 501 506 537 743 769 787 869 908 988 
9 135 180 182 274 290 308 312 328 368 510 523 546 639 657 684 696 829 834 866 905 950 962 998 
67 93 140 170 276 278 323 384 625 671 699 701 716 761 820 821 891 
333 450 669 780 836 846 847 
214 232 264 348 430 468 560 753 904 916 991 
74 86 107 116 189 199 239 279 379 380 484 535 569 572 634 652 670 703 746 749 837 844 917 982 
45 82 156 277 313 497 507 565 840 854 872 
289 330 338 358 447 603 612 627 661 767 782 816 831 931 935 
79 101 112 138 240 261 388 399 403 438 467 561 626 628 650 654 682 685 710 720 733 755 758 766 779 810 812 818 838 861 868 870 887 943 952 964 989 
47 48 75 120 160 216 225 287 359 436 508 573 574 594 617 680 681 714 788 839 845 920 928 929 
50 102 121 123 144 150 165 176 183 191 200 211 220 236 280 375 390 426 446 514 552 611 630 637 640 702 730 772 785 796 833 859 890 893 923 977 980 
23 37 193 230 619 738 757 909 939 961 996 
17 64 147 159 175 212 247 253 271 273 284 305 329 374 499 509 525 604 679 706 744 750 857 884 896 
40 46 104 163 347 372 478 519 629 647 719 729 795 805 849 886 974 
15 28 36 58 122 188 222 266 272 349 366 376 400 404 490 534 549 555 586 608 643 655 678 752 793 794 826 922 990 993 
63 321 651 851 946 
136 259 262 295 423 533 913 
42 71 190 223 402 435 543 577 799 873 
30 389 452 709 736 
70 88 143 268 304 317 346 378 386 422 462 562 578 620 775 815 907 
2 16 19 24 57 148 226 300 342 371 373 437 471 496 548 570 590 622 636 653 659 689 721 763 774 800 804 811 835 841 918 938 948 963 969 
5 20 31 117 129 137 153 187 213 228 285 307 309 327 382 457 458 460 516 600 624 713 759 770 776 830 883 889 954 959 
161 196 206 218 241 245 260 311 357 391 393 425 575 601 621 631 656 686 690 748 798 824 842 871 944 
119 164 337 479 494 513 521 635 765 825 827 881 910 997 
94 132 186 363 406 440 453 473 474 554 618 708 850 
10 14 18 53 68 83 125 133 139 141 157 162 294 332 334 396 456 464 475 486 536 557 623 687 694 698 740 741 747 756 762 783 784 852 902 924 936 955 957 970 976 
434 822 855 865 875 
22 35 69 81 89 98 114 126 171 249 252 297 324 344 522 526 558 559 576 609 803 808 915 953 
8 26 34 55 61 91 151 185 267 303 326 345 355 370 407 428 445 448 487 505 538 568 580 596 675 688 717 797 814 848 940 941 949 973 981 
38 66 80 130 244 420 439 477 489 539 564 567 638 644 658 664 691 697 711 731 
6 52 251 288 306 315 410 411 495 598 704 737 817 819 898 919 986 
1 3 27 32 51 56 59 60 76 84 92 113 124 134 166 168 179 181 202 205 250 257 302 356 417 418 455 476 483 511 633 646 674 705 723 739 786 856 906 975 979 
99 255 299 398 518 544 545 602 683 921 930 932 965 
87 152 167 172 174 201 215 234 292 310 354 367 395 405 419 480 485 488 503 512 556 566 599 605 606 614 725 853 860 874 882 885 901 966 987 
127 195 383 449 529 532 571 615 648 673 727 
197 233 258 318 331 340 392 401 412 433 443 454 463 492 515 579 722 734 792 880 892 911 926 942 
4 11 77 110 115 128 169 178 231 298 325 336 343 350 352 369 416 421 432 442 444 459 465 482 493 588 607 672 677 735 760 771 778 802 878 933 945 951 972 978 1000 
7 49 73 105 111 198 203 243 256 291 296 341 365 381 563 585 593 613 649 754 773 790 862 900 958 
146 158 177 254 385 461 597 645 809 
33 54 65 78 108 192 314 335 339 377 394 397 429 470 504 527 528 584 587 595 632 668 676 724 742 751 813 888 912 960 984 
41 96 100 118 263 424 641 781 806 832 994 
62 194 224 238 248 270 286 409 451 520 547 582 591 660 712 732 777 801 807 864 894 914 927 992 
72 90 131 208 227 316 320 322 351 415 466 472 491 500 540 583 610 642 715 745 768 895 967 968 
