16110.50
16 26 40 44 177 245 249 304 309 314 320 346 497 652 666 708 754 
6 41 49 70 93 94 125 128 134 170 180 201 202 203 211 239 240 250 268 269 280 298 312 319 334 338 343 348 349 363 369 389 403 404 431 436 438 442 450 458 470 481 502 544 545 573 577 597 614 618 634 640 646 653 710 731 734 757 
86 104 181 198 225 235 437 468 524 726 743 
8 36 71 84 108 136 210 216 247 260 264 279 327 331 332 358 360 364 378 405 408 414 449 464 483 503 506 509 533 567 576 581 591 599 607 612 619 689 692 
34 103 144 157 212 259 270 272 278 295 379 396 487 489 496 501 512 516 526 558 564 570 585 594 606 719 760 
4 38 59 73 78 97 142 182 253 257 274 275 277 283 330 359 395 432 507 534 541 546 596 644 664 693 699 705 728 741 755 756 758 
3 56 101 158 194 299 365 510 563 654 655 709 749 751 
11 20 43 47 48 54 57 69 74 81 85 111 117 126 131 156 162 163 192 206 217 223 228 237 244 317 323 329 352 373 433 434 445 461 498 500 525 549 552 557 561 565 578 584 604 615 617 623 626 637 645 673 676 691 702 735 748 
27 55 68 90 91 95 107 115 155 187 236 242 302 336 337 342 344 347 368 372 418 422 465 466 476 479 499 514 517 548 575 627 662 704 716 722 737 
1 10 14 21 30 37 51 61 83 114 130 139 147 184 200 204 220 290 293 294 297 303 308 324 340 354 355 370 381 416 426 428 447 451 452 459 473 477 486 508 511 521 536 551 554 568 572 598 629 632 638 651 682 684 696 707 712 
15 17 18 28 29 32 64 67 89 119 121 124 132 143 149 159 168 190 191 196 230 238 261 266 287 291 305 311 322 326 357 387 398 412 454 463 471 482 518 519 535 537 539 559 587 613 620 624 625 633 636 658 665 668 669 686 695 703 729 752 
96 100 112 171 208 221 243 271 301 419 569 588 603 738 
58 118 137 224 234 246 248 252 345 366 394 410 411 424 441 469 488 523 580 628 631 639 688 700 714 720 724 
5 12 23 62 65 92 110 113 127 138 145 150 151 164 176 179 195 219 226 254 255 256 273 307 339 361 393 397 402 409 417 444 453 455 462 491 504 505 531 540 566 583 593 595 602 643 661 663 667 670 675 677 679 690 694 711 727 740 745 753 
2 7 13 22 24 39 42 45 50 76 105 106 122 123 133 135 148 152 165 166 167 169 186 199 205 218 222 232 265 281 318 321 335 362 367 380 382 391 456 467 474 485 513 522 530 547 550 555 560 579 590 605 616 630 641 660 671 687 697 715 
25 31 33 46 53 77 80 82 87 98 99 146 161 172 175 188 213 215 229 233 263 276 282 286 292 306 350 351 353 374 386 399 413 421 435 440 443 448 460 480 495 542 562 574 601 622 635 647 648 678 683 733 736 739 742 746 750 
9 19 63 75 88 102 129 140 153 174 189 209 214 227 231 241 262 313 328 341 371 376 377 385 406 415 420 423 427 429 430 446 478 490 492 515 520 528 553 556 582 586 589 600 609 611 642 656 657 659 674 681 685 698 701 713 718 723 732 759 
35 52 60 66 72 79 116 120 141 251 284 288 289 300 310 384 390 392 400 401 425 493 527 529 538 543 571 610 680 717 730 744 747 
154 173 178 193 197 207 267 285 356 383 388 457 484 494 608 621 706 721 
109 160 183 185 258 296 315 316 325 333 375 407 439 472 475 532 592 649 650 672 725 
