10224.75
74 111 114 119 203 241 251 288 296 297 324 327 440 444 449 460 473 515 524 538 570 718 719 728 732 756 764 786 796 817 831 848 897 911 962 974 989 
28 82 109 134 152 261 342 370 399 403 471 574 652 693 723 749 780 822 
192 252 322 418 496 625 760 810 819 841 956 
53 59 95 106 212 228 248 305 320 357 374 376 389 406 421 455 459 534 537 550 581 605 607 611 696 697 707 731 783 798 811 821 836 859 918 932 957 964 971 
13 34 38 42 52 89 122 398 415 513 621 637 698 755 866 904 921 946 
330 583 598 614 639 
11 49 110 157 171 177 227 232 280 353 363 404 408 452 477 502 521 576 650 663 683 685 711 730 828 861 895 934 935 975 984 
17 54 344 478 958 
2 27 63 66 88 92 102 147 154 155 160 200 209 220 234 253 291 316 340 345 362 367 405 422 431 463 465 504 636 716 739 762 797 800 884 920 991 
67 202 559 802 
50 96 105 141 163 172 174 191 233 235 246 273 347 385 427 447 490 503 509 542 589 618 679 701 747 770 793 855 871 922 928 969 985 
48 57 168 916 
12 112 167 240 275 289 443 475 483 499 551 720 772 777 873 970 988 
230 255 417 510 528 531 603 717 925 940 949 
62 186 286 474 487 511 544 572 743 816 919 954 972 
84 86 150 179 341 392 450 470 495 533 620 631 722 878 930 
18 23 264 441 579 629 653 794 961 
60 143 178 207 216 262 285 306 577 597 664 799 947 
80 137 266 281 317 318 326 354 395 429 437 466 508 565 568 587 612 667 677 704 753 789 891 913 936 941 944 
55 72 83 149 153 231 236 243 245 260 267 278 328 364 397 423 445 518 548 549 560 599 632 635 706 710 776 788 792 843 892 933 938 968 982 
90 132 156 188 355 384 419 522 530 596 651 668 700 712 735 809 824 829 845 898 914 945 
164 356 360 396 553 656 785 818 833 856 875 
5 333 584 950 977 
151 507 641 647 
314 339 407 435 535 702 844 888 976 
21 29 64 126 129 173 238 244 270 282 287 359 368 430 472 501 590 595 671 729 771 782 826 850 880 882 883 885 896 
10 101 247 265 432 446 517 564 586 624 630 748 779 790 860 862 879 900 912 929 963 986 987 990 
41 103 121 180 201 274 382 467 532 541 580 626 674 734 741 803 808 886 908 955 
25 43 61 78 97 104 117 120 140 161 165 189 210 214 271 300 304 358 424 438 479 480 482 591 645 678 703 726 775 778 820 832 852 869 894 903 907 910 978 
7 31 32 33 131 198 199 237 302 348 411 426 485 556 646 665 688 727 781 787 825 876 
4 26 136 428 462 622 801 
94 196 258 313 338 606 804 815 905 
70 73 107 123 166 256 294 307 379 383 387 543 627 666 759 853 865 926 939 980 
77 124 215 250 292 325 335 343 377 442 451 545 687 754 870 
15 22 65 139 223 242 263 268 279 332 352 375 380 391 416 425 439 497 520 552 585 594 673 675 713 744 751 773 827 835 893 902 942 
20 148 158 169 194 303 349 371 390 420 526 567 633 648 733 736 740 750 784 807 834 909 
35 144 185 321 394 489 512 558 628 901 965 
46 58 69 93 128 133 159 170 182 184 206 222 283 293 308 329 369 373 393 436 448 468 486 500 525 557 571 604 699 705 708 745 769 814 823 830 872 953 973 
127 130 312 372 400 434 469 491 498 516 536 588 608 643 644 655 662 669 689 692 694 752 943 959 
45 229 493 494 649 
81 211 225 575 600 609 616 619 623 660 672 960 966 
1 85 145 213 219 221 269 295 378 388 410 413 454 481 506 523 539 540 561 569 592 640 661 676 681 724 737 812 857 
14 30 204 217 218 226 301 458 638 642 813 887 937 
3 19 51 115 116 142 239 311 323 337 366 386 433 453 464 488 519 547 578 610 658 680 682 684 715 738 746 761 791 847 851 854 858 868 889 915 951 
36 39 40 56 76 99 138 175 181 205 224 277 290 298 309 310 361 402 409 414 456 461 484 514 527 555 562 563 670 691 758 839 864 881 906 924 983 
8 757 867 
9 16 24 71 108 113 146 162 183 208 249 254 276 299 331 365 381 476 505 529 566 613 615 654 659 686 690 709 721 767 768 805 838 849 917 948 979 
37 87 91 98 100 187 193 197 257 272 315 319 334 350 582 593 601 617 634 695 795 806 842 846 877 899 927 931 981 
6 44 68 118 135 176 259 284 336 351 401 725 840 
47 75 79 125 190 195 346 412 457 492 546 554 573 602 657 714 742 763 765 766 774 837 863 874 890 923 952 967 992 
