8004.16
7 35 52 193 198 204 289 298 299 320 333 338 342 411 419 440 445 486 504 555 561 569 573 618 669 
15 34 64 84 98 142 149 234 241 256 270 315 356 398 399 410 425 480 485 507 515 528 545 549 550 588 591 594 673 
2 23 26 44 66 94 128 135 145 158 161 167 175 185 285 286 292 492 562 568 631 643 692 
14 67 70 74 133 182 222 227 279 297 351 379 420 454 553 581 587 
20 109 130 168 230 232 236 288 325 347 401 408 416 427 429 438 464 511 536 554 558 613 616 623 699 
17 58 80 187 281 306 307 404 444 452 490 497 546 
43 114 172 203 330 531 570 597 611 657 694 698 
72 119 132 151 200 433 
106 115 246 304 361 577 582 585 607 
13 16 33 53 57 83 131 170 239 252 267 273 278 284 290 296 339 360 392 434 451 495 499 503 512 524 606 641 685 
39 73 105 116 146 155 206 237 266 295 302 336 341 358 362 369 414 431 448 455 475 505 522 529 564 566 619 662 667 
30 49 88 89 99 100 126 163 217 224 225 238 253 313 340 367 368 389 393 402 413 428 474 519 542 593 604 637 658 688 
5 40 92 101 121 137 143 157 189 195 226 231 276 310 318 323 328 359 383 457 459 470 473 491 530 567 605 634 684 
56 75 77 117 122 125 211 301 385 422 424 426 449 453 488 525 548 596 620 646 
50 55 177 194 209 335 677 
18 71 147 156 173 178 179 274 345 364 397 443 483 514 517 538 574 609 647 674 
65 93 102 120 191 199 240 249 407 437 471 487 664 671 
4 51 63 91 108 190 250 294 478 513 516 552 586 633 668 682 687 
10 25 28 45 54 76 176 184 303 312 405 418 439 625 691 
118 165 188 212 215 228 265 348 498 534 539 660 676 681 
36 46 97 139 148 293 344 352 386 460 544 600 624 
22 159 181 207 388 406 461 543 592 653 
59 81 127 166 186 220 251 254 261 322 354 365 377 430 450 463 469 506 510 520 526 557 572 610 622 649 659 683 700 
38 87 95 144 247 329 331 332 334 355 370 479 493 521 541 547 583 638 654 
107 123 134 235 373 500 693 
21 136 192 263 268 317 349 467 560 579 690 696 
3 271 321 602 686 
48 327 381 421 
31 244 259 363 403 527 589 615 628 651 
79 104 110 112 311 371 412 462 563 608 
27 37 41 111 129 171 202 216 218 223 233 243 282 309 324 372 376 382 415 435 456 468 484 598 601 617 639 650 655 
300 396 494 559 576 632 
9 47 162 269 291 346 465 518 551 556 627 661 
6 19 42 68 103 196 245 258 264 319 390 400 447 482 533 670 672 678 679 697 
1 29 113 150 152 208 214 229 255 357 387 476 565 642 644 
62 82 86 154 248 257 260 280 287 308 316 353 384 442 446 501 537 614 636 645 648 663 675 
8 61 69 78 96 153 160 164 169 183 262 305 337 343 350 394 458 575 599 612 656 689 
11 90 314 375 409 417 441 472 477 496 509 626 630 
12 24 32 85 124 210 272 275 374 378 380 391 423 432 436 466 481 502 523 532 535 571 578 580 584 635 665 666 680 
60 138 140 141 174 180 197 201 205 213 219 221 242 277 283 326 366 395 489 508 540 590 595 603 621 629 640 652 695 
