9738.11
2 22 185 302 555 582 657 713 822 
158 245 481 549 598 626 
21 78 111 465 
253 268 286 351 439 568 628 728 771 
76 144 187 318 325 411 520 724 892 944 949 
54 115 123 174 186 244 468 567 617 758 805 924 
31 151 215 338 458 516 754 882 
34 100 237 288 432 474 631 820 837 
6 37 274 407 431 469 668 965 
205 212 225 388 430 459 780 794 929 
26 36 38 125 191 278 525 545 578 665 887 948 
381 384 390 517 584 884 
7 178 270 427 553 720 
40 68 72 502 510 725 
5 182 541 
89 101 154 327 343 507 594 606 787 817 966 
176 324 333 506 543 709 
135 220 233 362 435 585 899 927 992 
82 353 939 
262 284 298 500 557 648 
20 35 44 60 133 169 175 243 252 295 316 348 363 377 412 419 486 534 558 564 614 650 717 733 765 781 849 878 898 902 904 905 909 914 919 989 
148 157 216 301 314 395 446 461 494 544 688 790 832 922 942 
43 77 113 426 513 845 
10 23 46 57 87 134 142 166 171 197 276 296 309 443 488 583 587 591 605 616 672 690 738 761 784 800 829 851 856 863 895 906 973 
11 69 93 147 161 275 340 380 522 523 572 592 604 635 664 721 778 803 903 941 
81 366 383 527 532 920 
45 65 153 155 164 219 260 279 282 326 463 489 512 518 559 644 661 698 726 739 875 879 907 946 962 
67 173 184 201 224 313 355 483 498 528 550 674 706 759 816 972 982 987 
241 277 391 467 511 642 770 785 809 868 
48 84 265 283 310 396 440 464 495 505 546 654 704 963 997 999 
9 24 71 106 114 124 145 152 190 289 293 312 347 448 473 491 560 562 603 615 630 658 667 711 752 791 795 844 871 935 947 960 993 
30 64 66 118 141 226 232 251 258 272 290 350 373 503 521 563 569 571 593 613 652 659 669 681 716 722 744 801 831 854 858 866 926 945 977 
16 19 25 52 92 211 249 255 256 285 358 372 441 455 470 497 565 580 629 640 656 660 675 811 836 857 873 934 950 964 981 
18 33 56 88 102 200 204 337 339 374 387 394 420 423 445 476 590 623 641 666 682 705 712 802 814 824 860 889 932 998 
1 95 108 116 120 136 146 181 271 317 328 452 457 492 496 501 514 536 539 576 586 607 619 649 700 703 788 839 861 880 891 937 
4 47 73 121 137 179 195 203 214 229 254 360 385 398 428 434 466 509 533 556 622 627 741 760 783 796 835 864 885 897 923 943 955 967 968 
17 32 90 97 110 227 240 267 303 323 389 392 415 422 504 508 538 552 662 683 732 764 772 786 797 823 826 834 928 959 974 980 985 
14 15 50 61 70 75 139 210 222 223 231 266 308 356 378 425 436 447 540 548 609 676 678 708 723 730 740 789 813 819 843 867 876 888 952 969 
12 42 74 104 193 238 239 242 336 345 359 368 375 399 401 418 421 451 499 621 633 655 680 685 692 694 729 769 774 775 848 852 872 896 954 
49 53 63 103 117 140 159 162 234 269 281 354 404 414 449 471 530 589 600 625 645 737 776 827 830 840 869 908 915 931 976 
59 79 83 112 163 177 189 199 209 236 335 370 402 456 531 561 596 624 643 701 756 767 768 792 807 894 901 918 995 
27 99 105 107 122 172 206 228 248 307 334 400 410 417 475 484 526 608 611 695 731 746 747 753 793 818 853 881 886 984 
80 156 167 180 183 192 196 257 261 292 300 332 361 416 490 574 575 579 581 612 670 677 684 707 710 804 806 846 847 900 916 917 990 
29 91 168 207 208 247 291 299 320 357 405 406 408 437 444 524 554 570 573 597 651 653 687 693 699 702 742 745 751 773 782 810 890 925 940 975 
3 109 131 132 235 250 280 306 311 322 352 393 403 413 433 480 493 542 602 636 637 647 673 689 696 719 736 749 762 777 970 
41 51 86 119 127 160 188 213 217 294 321 329 382 409 438 478 547 599 632 679 691 697 743 755 808 841 859 862 870 893 921 953 986 
8 13 39 94 150 202 221 230 263 287 315 344 379 397 442 454 460 472 535 577 638 663 686 718 766 812 833 850 865 874 911 938 957 978 994 1000 
98 138 170 218 246 259 264 319 330 341 349 367 376 386 424 450 453 485 487 566 618 620 639 646 671 748 799 821 838 842 855 951 961 971 988 991 
62 126 130 165 273 297 304 331 342 346 364 371 477 515 537 551 595 601 610 734 735 757 815 910 913 930 933 956 958 979 983 
28 55 58 85 96 128 129 143 149 194 198 305 365 369 429 462 479 482 519 529 588 634 714 715 727 750 763 779 798 825 828 877 883 912 936 996 
