10002.22
78 247 363 380 477 524 558 598 620 794 806 837 872 905 945 
454 487 822 
239 421 429 997 
7 52 201 206 262 270 315 402 415 447 480 533 552 582 678 788 802 856 918 996 999 
45 116 241 248 352 364 410 442 656 736 765 778 808 853 939 
198 501 527 559 730 843 
30 169 210 226 835 875 
115 172 264 423 425 991 
204 422 491 546 593 942 
8 11 24 70 98 128 155 250 324 336 342 367 375 535 564 596 625 654 655 670 900 920 957 968 980 
107 168 224 233 236 240 242 289 368 393 400 403 511 531 548 553 554 567 574 580 587 592 603 614 664 667 681 694 708 712 717 739 771 780 782 789 817 827 840 848 891 909 913 976 993 
161 219 411 474 490 517 826 880 
79 87 90 95 100 125 184 263 325 330 334 344 361 414 416 448 465 497 505 715 828 950 972 
203 232 357 397 630 706 749 752 864 869 
49 69 99 122 158 193 215 258 296 305 311 345 370 381 549 753 770 791 825 865 958 961 992 
57 89 94 275 280 446 563 632 666 774 858 903 984 
43 85 389 484 652 710 807 860 907 921 
21 144 257 276 347 444 457 562 680 697 755 823 852 908 915 
6 15 65 80 102 164 200 208 214 231 243 255 265 274 284 295 307 320 362 401 467 506 516 650 661 671 683 695 718 756 764 779 833 867 883 896 917 938 954 994 
47 101 109 167 235 387 388 419 509 513 619 673 692 772 971 
31 51 55 73 132 173 277 313 346 426 581 645 646 726 815 914 934 974 982 983 
10 29 63 76 119 135 266 331 338 369 377 431 437 455 481 492 504 538 542 573 575 577 588 611 716 721 754 781 784 792 846 851 956 966 987 990 
19 22 33 59 131 133 177 202 212 252 293 343 394 432 456 466 502 514 528 583 627 640 693 732 741 758 759 767 773 777 847 861 862 870 881 898 923 998 
46 48 71 120 188 261 269 278 337 417 428 478 508 539 590 613 699 800 834 836 935 
32 67 83 92 105 140 142 165 176 218 222 245 292 329 418 507 560 568 608 615 617 644 653 724 790 813 816 824 841 845 849 868 871 892 943 944 
251 282 366 445 463 530 621 677 793 901 912 922 985 
2 25 88 197 211 273 285 327 348 376 405 482 486 523 570 591 597 606 637 702 727 820 829 929 978 
16 20 84 134 137 143 149 163 249 256 308 310 351 391 439 488 493 496 499 537 565 594 595 629 642 679 703 713 714 728 766 795 839 877 884 928 947 964 
50 189 227 384 420 475 
35 44 82 97 112 299 406 433 515 924 
27 41 72 77 225 385 483 602 682 689 698 735 748 768 785 906 973 
371 674 890 
17 64 104 114 147 185 186 216 294 321 365 408 443 451 468 469 476 500 526 532 534 561 576 610 628 662 668 672 686 700 738 854 888 936 949 965 
111 157 192 213 267 316 373 540 584 638 649 879 919 
3 93 106 113 145 183 281 290 302 318 323 339 350 360 372 458 471 489 495 510 521 557 571 572 579 600 607 616 687 707 720 733 760 776 801 844 859 893 933 941 951 969 977 986 1000 
60 150 187 191 196 199 207 304 378 435 438 512 536 547 556 578 660 797 882 887 899 930 931 
4 23 42 56 74 136 174 195 268 291 298 309 333 341 353 374 409 453 494 519 612 635 643 722 750 787 805 809 819 946 
5 53 319 503 599 953 
68 86 126 148 156 178 194 209 283 322 359 434 441 450 461 473 675 761 831 863 932 960 975 
1 28 66 151 171 271 317 464 472 585 626 658 762 798 894 937 988 
129 830 911 
9 13 18 34 36 91 127 138 141 217 244 312 358 382 386 398 452 459 498 618 631 636 647 657 685 691 701 709 803 811 838 878 897 910 
61 123 205 237 287 314 520 609 634 742 804 885 895 902 970 
14 118 124 160 182 253 279 332 340 395 396 399 412 424 449 479 522 544 604 633 639 648 665 696 704 711 729 734 745 747 763 769 850 857 866 916 925 927 955 989 
40 58 81 96 108 110 117 121 153 159 162 220 229 260 303 355 379 427 436 460 485 551 586 589 605 651 659 676 684 688 719 775 783 814 874 876 948 979 
37 130 146 238 272 286 306 335 392 525 541 690 744 810 812 818 832 842 889 963 981 
12 26 38 54 62 75 103 152 170 175 180 181 234 246 288 297 300 354 383 407 430 440 529 543 555 566 569 623 641 663 723 731 737 743 751 757 786 796 799 873 886 926 952 959 995 
228 230 326 404 413 470 545 622 705 967 
39 139 154 166 179 254 259 301 349 356 390 518 550 601 624 740 821 855 904 940 962 
190 221 223 328 462 669 725 746 
