9708.64
53 176 194 528 544 545 555 563 565 569 571 573 574 575 578 584 587 594 596 600 604 610 611 895 
297 333 758 844 846 848 849 852 857 858 864 874 876 882 889 893 
121 123 129 304 310 325 330 340 350 358 365 372 378 396 503 597 725 744 755 760 775 
120 124 292 311 314 316 323 327 351 353 354 375 383 389 400 401 520 731 733 746 757 
100 112 125 127 128 131 145 296 324 338 341 346 355 357 366 374 380 382 391 399 457 
33 409 938 940 943 945 946 950 951 952 954 962 964 
119 122 137 348 356 359 376 402 477 479 481 483 493 728 747 753 759 771 861 
14 15 19 25 73 204 478 480 485 486 488 489 490 491 495 496 497 498 499 955 
6 54 423 426 429 436 444 454 474 
1 10 56 62 110 114 
13 65 178 180 181 184 191 192 198 199 492 965 969 970 972 978 981 982 985 997 
31 36 40 45 51 52 408 417 427 850 870 873 879 897 958 
2 23 87 309 647 700 701 707 709 720 780 807 808 810 811 812 815 818 822 825 826 827 830 832 834 835 
132 135 140 189 312 315 319 322 335 362 363 442 732 735 745 756 773 776 777 778 996 
12 18 46 182 187 197 203 207 289 290 298 301 302 462 886 896 986 1000 
35 63 93 160 168 169 170 171 172 173 174 303 415 419 847 865 898 899 900 903 906 907 912 913 914 916 918 922 
30 74 95 215 219 225 226 230 232 235 240 243 246 251 262 264 265 267 269 271 273 274 280 282 432 458 465 783 973 
55 609 649 651 652 654 656 658 660 661 664 666 670 671 672 678 681 684 685 687 688 690 694 
28 81 411 420 435 508 521 697 901 902 904 905 908 909 910 911 915 917 919 920 921 923 924 925 926 927 928 929 
20 27 39 525 526 534 542 548 554 557 570 586 590 591 593 599 602 612 613 614 616 932 936 991 
66 78 92 412 424 430 443 445 463 467 931 
364 368 369 373 390 392 397 404 406 730 737 741 748 761 762 764 765 767 770 774 933 
72 854 859 860 862 863 866 869 875 877 883 888 891 892 894 977 
21 88 211 214 220 221 222 224 231 233 237 245 247 255 257 258 259 260 266 270 272 276 281 328 468 608 703 880 960 
11 32 34 37 42 43 44 47 49 50 930 935 942 944 957 
85 105 332 425 440 502 514 529 531 547 551 559 560 562 564 568 577 582 583 592 595 603 606 617 618 
206 212 218 239 241 253 254 268 275 278 361 388 410 431 433 437 484 779 781 782 784 787 789 792 794 797 803 805 855 
22 41 209 450 501 543 580 619 645 646 648 653 655 657 659 662 663 669 673 674 676 677 679 680 853 
26 103 164 494 696 698 699 702 704 705 706 708 710 711 712 713 714 715 716 717 718 719 721 722 838 840 881 887 
136 143 144 320 326 347 644 650 665 667 668 675 682 683 686 689 691 692 693 695 729 751 871 
7 118 126 130 134 139 142 307 308 318 331 349 377 379 384 385 386 387 393 446 726 
57 104 
438 448 453 455 456 459 460 464 466 473 476 
9 188 500 511 512 513 517 518 522 934 947 948 963 
17 179 185 186 193 200 205 210 405 843 967 968 975 979 980 983 990 994 995 998 
77 80 91 99 449 505 509 510 515 516 519 523 615 
8 58 64 106 111 113 115 116 117 507 
141 407 470 482 959 
71 107 161 162 163 165 166 167 177 414 487 504 736 785 786 788 790 791 793 795 796 798 799 800 801 802 804 806 953 
133 138 195 321 329 334 337 339 342 394 395 724 734 738 742 743 749 750 752 763 836 
94 305 306 313 317 343 344 345 352 360 367 370 371 398 403 506 727 739 754 769 772 
59 70 89 109 277 422 434 546 620 623 625 626 627 628 629 630 631 632 633 634 635 637 638 639 640 641 642 643 723 740 829 956 
60 67 68 76 82 83 84 86 90 97 98 102 208 
48 101 530 533 537 538 567 572 579 588 598 809 813 814 816 817 819 820 821 823 824 828 831 833 839 851 
108 418 428 439 447 451 461 469 471 475 878 
24 29 38 213 216 217 223 227 228 229 234 236 238 242 244 248 249 250 252 256 261 263 279 413 416 441 452 472 837 885 937 949 999 
16 61 79 175 183 190 196 201 202 841 941 966 971 974 976 984 987 989 992 993 
69 96 381 421 524 527 532 535 536 539 541 549 550 552 553 556 558 561 566 576 581 585 589 601 605 607 
283 284 285 286 287 288 291 293 294 295 299 300 842 856 868 872 884 890 
3 4 5 75 146 147 148 149 150 151 152 153 154 155 156 157 158 159 336 540 621 622 624 636 766 768 845 867 939 961 988 
