10341.56
18 61 63 211 248 274 315 325 338 373 375 381 383 385 391 441 487 496 583 585 598 614 616 621 710 745 764 787 792 802 811 827 
68 178 293 330 365 393 559 637 701 747 
44 57 65 210 236 268 357 362 474 535 636 724 852 
16 21 38 157 165 224 237 284 300 309 334 342 353 360 369 379 435 467 518 572 581 584 596 670 703 744 755 763 798 812 813 840 
31 122 152 190 233 240 247 302 322 346 427 447 468 481 505 516 525 544 550 608 626 652 696 733 746 752 766 831 
127 172 173 174 251 642 765 835 
408 444 615 699 
14 35 59 97 110 117 149 154 185 197 225 261 278 307 326 386 390 402 513 562 570 575 586 630 662 685 718 722 737 783 790 814 834 838 
48 107 109 116 148 208 230 265 297 333 337 339 344 351 465 478 523 534 543 547 561 573 594 595 602 604 647 668 756 820 842 845 848 853 
20 87 89 90 103 120 160 166 176 234 260 336 355 378 397 417 439 454 455 489 506 511 514 536 554 592 599 622 691 725 757 767 784 825 828 846 
5 37 171 192 221 222 245 253 266 329 368 384 389 396 401 418 448 463 526 560 587 676 678 730 748 771 796 823 
15 19 50 54 62 88 130 187 218 243 282 304 348 403 409 413 482 545 580 681 732 759 785 
71 84 128 133 150 158 180 195 231 242 254 255 285 310 316 356 358 361 392 419 433 438 443 539 557 633 635 645 650 659 669 674 680 692 695 735 750 760 815 816 
49 168 264 275 276 371 431 436 445 449 490 542 563 591 609 619 751 
75 169 193 207 331 350 450 456 469 564 612 646 667 677 800 803 836 
36 648 
4 83 86 115 134 135 175 259 272 289 312 314 347 370 395 420 462 493 576 628 727 776 
7 77 79 138 145 155 170 186 189 262 269 270 279 286 303 377 412 459 460 470 471 473 477 492 532 541 593 600 607 638 666 673 694 698 712 719 728 754 774 826 829 843 
24 33 80 99 104 126 200 203 206 252 327 398 411 440 527 558 577 684 700 729 741 797 844 
23 55 74 136 139 153 161 204 213 263 283 311 407 429 504 521 531 551 555 611 613 627 663 664 704 780 810 817 
78 141 182 184 196 212 250 277 359 432 475 533 538 565 671 686 714 778 788 795 818 
6 140 372 423 480 501 515 705 819 
29 163 177 219 228 308 332 458 660 799 
1 53 69 76 349 509 620 675 683 688 
27 32 111 119 121 156 159 181 257 291 294 321 388 452 498 522 529 578 603 629 693 702 749 804 
66 70 106 123 124 215 246 461 590 644 657 690 707 753 775 786 821 
3 9 13 81 82 94 96 102 114 132 142 179 194 209 239 273 298 352 363 400 406 434 453 512 520 549 556 566 582 597 631 641 665 709 736 738 773 777 781 782 808 847 
26 188 249 318 319 323 415 422 428 451 476 479 485 503 618 623 649 711 761 769 793 801 830 837 839 
11 12 47 72 85 93 100 108 125 137 191 199 202 220 227 271 281 335 341 367 376 380 382 410 425 430 437 442 497 519 528 537 548 553 656 697 716 758 768 807 822 841 
51 67 164 340 416 426 507 524 567 610 624 634 682 717 743 762 809 
42 46 52 56 60 113 118 167 183 226 238 256 258 288 296 306 320 324 328 345 374 404 446 466 486 494 500 502 530 546 568 643 654 715 720 779 805 833 
143 205 424 499 510 606 617 
101 569 574 639 721 850 
25 64 91 146 147 162 244 267 292 313 317 343 354 508 588 651 679 689 742 806 851 
10 22 40 41 58 73 95 131 229 287 295 394 414 517 540 579 658 687 726 734 772 789 855 
2 30 280 290 387 421 640 706 
28 43 235 241 472 552 653 655 791 824 
17 34 98 105 112 144 457 661 672 
217 223 232 299 301 483 632 
8 39 45 92 129 151 198 201 214 216 305 364 366 399 405 464 484 488 491 495 571 589 601 605 625 708 713 723 731 739 740 770 794 832 849 854 
