6516.16
2 9 11 37 110 157 160 163 166 171 201 219 257 329 330 373 404 441 458 482 538 594 611 616 
40 45 72 76 93 136 137 151 174 189 197 211 293 298 317 337 362 363 394 406 419 430 518 536 544 549 572 580 615 624 
44 61 86 104 147 186 223 256 312 488 497 593 
24 336 618 
18 50 63 65 68 82 94 96 111 130 159 161 193 205 220 226 236 258 260 269 280 295 303 325 346 361 365 372 393 396 409 424 459 469 470 473 486 506 511 512 516 543 557 577 579 590 619 623 
15 56 80 114 158 173 254 265 276 370 415 423 448 462 464 496 520 563 
10 12 13 22 25 28 33 39 41 113 119 120 122 123 131 132 141 183 184 185 196 210 217 218 224 225 242 250 266 272 273 286 301 305 320 364 381 383 390 403 405 412 413 425 426 471 476 479 480 498 522 525 533 534 535 587 592 597 608 620 
30 34 83 89 98 112 121 165 229 235 248 259 289 334 352 356 357 375 379 385 466 477 487 521 546 586 612 
26 51 62 64 71 78 91 117 140 155 169 172 182 187 191 214 222 227 261 270 271 299 306 307 316 339 395 400 427 442 455 474 475 493 499 502 503 505 509 540 547 553 555 556 622 
3 4 31 46 209 231 255 275 281 292 296 297 302 433 529 551 569 582 602 610 614 
14 36 43 58 60 92 101 107 134 149 156 164 178 190 194 199 200 202 237 244 252 262 288 318 319 322 323 324 338 349 377 380 410 414 417 421 431 437 447 453 456 467 472 510 532 542 561 564 570 581 585 596 598 603 
6 49 57 99 115 142 143 167 198 221 239 245 264 290 331 345 366 367 368 388 420 460 468 478 481 489 492 573 584 595 599 601 604 607 613 625 
23 29 53 55 85 88 128 146 213 215 228 251 287 308 309 311 321 335 376 428 429 445 457 483 519 524 530 550 554 571 578 605 609 
38 47 54 66 70 73 87 97 116 125 145 148 153 177 179 188 204 207 282 310 326 328 341 347 355 360 378 391 392 438 446 450 454 504 513 526 559 565 566 575 591 627 
8 17 27 52 69 74 75 79 95 102 118 133 135 139 168 180 195 206 212 243 246 253 274 277 283 291 304 314 340 342 343 348 353 369 399 408 411 422 432 434 443 449 452 465 490 494 500 523 528 539 545 552 562 617 621 626 628 
1 144 181 247 267 344 350 484 485 
5 59 77 100 105 106 108 109 129 162 175 176 203 234 238 240 279 284 327 359 371 382 386 387 402 407 418 435 461 501 508 548 567 568 574 576 583 629 
7 42 90 126 233 285 294 333 351 358 436 517 541 588 606 
16 21 32 35 48 67 81 84 103 127 138 150 152 154 170 192 208 216 230 241 249 263 268 278 300 313 315 332 374 384 389 397 398 401 416 439 440 444 451 491 495 507 514 515 527 531 537 558 560 589 600 
19 20 124 232 354 463 
