16110.40
44 112 154 173 177 193 216 267 320 356 386 388 457 484 487 621 721 
1 10 11 54 69 74 77 83 87 94 99 122 146 147 156 202 208 213 215 220 233 237 240 276 286 290 291 306 308 324 334 345 350 352 353 355 374 389 421 435 442 447 448 452 480 481 497 521 552 554 584 622 637 675 678 733 735 
4 34 124 189 198 309 556 689 693 729 
8 15 18 36 71 84 134 210 222 223 247 260 264 279 310 313 316 327 360 364 378 384 405 464 483 503 506 533 576 580 581 591 592 599 612 615 692 742 744 
103 130 137 157 158 185 224 246 248 252 379 394 396 410 488 494 551 558 570 585 594 628 631 639 688 714 720 739 
16 42 79 108 141 142 183 253 257 283 296 390 395 401 425 450 510 526 538 546 549 571 589 606 610 644 664 699 705 728 730 755 758 
3 56 96 243 251 271 272 453 555 563 709 725 751 754 
20 33 41 43 61 80 82 98 114 172 175 201 217 221 229 280 289 294 297 303 315 338 340 348 351 367 381 403 414 417 434 436 443 445 449 451 458 459 460 473 495 500 502 536 568 573 574 578 595 647 663 671 701 710 726 736 757 
55 65 90 91 95 107 115 139 187 209 331 337 342 344 347 372 418 422 465 469 475 499 514 524 575 607 620 627 662 684 702 704 722 737 741 748 
6 14 21 46 47 48 70 85 93 117 126 128 131 170 192 203 211 228 302 317 319 323 332 349 363 369 426 427 428 431 438 461 486 493 508 511 517 525 561 572 597 598 601 604 617 618 623 624 640 646 648 676 696 707 712 731 746 
7 17 39 60 81 100 104 135 143 150 153 164 212 214 226 227 242 244 256 266 287 305 307 322 328 365 385 391 397 412 430 446 455 463 468 474 477 478 479 490 515 520 531 537 540 547 582 587 593 602 643 657 658 685 695 703 713 715 718 752 753 
27 58 78 86 92 155 171 194 299 383 407 645 654 738 
50 53 67 118 181 225 234 236 270 354 366 411 413 420 424 489 496 501 512 523 545 564 569 719 724 750 760 
9 23 29 31 32 49 59 89 106 119 123 127 132 145 152 168 169 196 230 254 255 261 262 278 318 370 371 375 387 408 409 423 444 462 482 485 513 516 528 532 535 539 550 553 583 586 600 609 625 633 660 661 670 680 686 690 698 700 740 759 
2 5 12 19 24 28 62 102 109 110 121 138 165 166 186 191 195 199 205 232 258 273 275 292 335 341 357 377 380 382 400 406 429 456 466 467 491 504 505 507 559 560 566 588 590 630 656 659 668 674 679 681 697 711 716 723 727 732 734 745 
25 30 37 51 57 75 88 111 125 144 161 162 163 180 184 188 200 204 206 235 239 250 263 269 298 301 329 336 343 373 399 416 419 433 440 470 498 542 544 557 562 577 596 608 614 619 626 629 632 634 635 638 642 651 653 673 682 691 
13 22 45 63 101 105 113 129 133 136 140 148 149 151 160 167 174 176 179 190 218 219 231 241 259 268 281 295 311 321 325 326 339 361 362 376 392 393 398 402 415 471 492 519 522 567 579 605 611 613 616 636 641 655 665 667 669 677 687 694 743 
35 38 52 66 68 73 97 120 178 182 265 274 277 284 288 300 312 330 359 432 437 518 527 529 534 541 543 548 565 683 717 747 749 756 
26 40 197 207 245 249 285 293 304 314 346 368 404 652 666 706 708 
64 72 76 116 159 238 282 333 358 439 441 454 472 476 509 530 603 649 650 672 
