10407.50
28 97 111 118 171 234 280 311 320 371 372 518 548 666 703 801 904 964 
100 192 208 229 
310 549 592 908 
48 85 124 177 339 352 361 374 389 524 526 568 668 696 762 807 828 887 898 985 986 
9 49 81 82 84 189 337 347 408 465 509 580 699 729 744 753 777 782 891 962 
27 121 150 170 181 184 203 403 451 468 538 675 845 847 885 919 935 
23 45 126 127 144 151 180 207 221 384 399 450 508 521 551 591 669 672 717 752 901 902 943 
12 79 92 114 117 161 190 204 212 251 290 298 306 412 413 602 606 647 742 765 823 988 989 
37 106 153 157 186 453 472 486 555 581 603 616 620 622 763 785 811 819 893 981 
74 99 217 270 302 432 458 576 598 605 612 615 704 718 779 816 843 859 910 939 970 
34 223 332 444 649 722 
11 16 41 162 206 218 225 240 245 261 369 415 437 442 449 461 492 532 557 565 569 604 610 624 671 767 789 832 886 895 
128 143 331 355 387 460 464 533 547 564 595 635 643 826 829 839 863 888 933 942 947 990 
8 31 68 112 130 138 195 230 265 288 297 426 429 478 530 633 657 665 734 778 846 954 975 
88 146 239 328 578 706 821 
50 75 103 105 152 172 268 307 338 469 585 618 621 653 713 743 804 841 865 993 
160 296 539 670 
33 40 120 213 303 330 346 354 379 391 502 543 588 702 726 822 848 851 860 903 924 946 987 
32 196 244 334 340 358 388 475 511 520 572 579 613 650 658 660 676 709 725 834 844 867 881 953 961 
2 53 69 135 215 219 248 275 284 325 362 378 381 383 438 454 474 487 570 571 584 597 724 759 824 857 875 921 
19 165 175 193 214 220 233 241 246 322 326 342 409 428 446 470 599 663 772 774 930 944 996 
154 194 243 299 503 519 554 684 870 892 896 
1 42 44 136 139 156 236 242 252 274 281 282 341 363 367 423 427 434 441 463 494 523 531 573 640 716 723 783 838 850 861 951 957 
4 7 18 20 29 30 36 58 61 102 224 309 345 359 380 411 420 462 560 561 582 645 679 685 697 710 714 715 733 739 794 805 873 897 911 931 949 984 992 998 
6 60 113 115 119 137 142 178 202 321 364 366 385 392 471 607 611 629 661 737 849 862 938 959 995 
43 96 101 110 122 134 201 228 237 258 267 271 294 327 329 348 351 357 365 370 400 430 455 459 473 514 516 553 574 601 659 698 810 815 871 894 913 952 963 968 
25 90 210 272 273 356 638 639 758 874 983 
24 72 87 108 209 286 353 452 499 507 577 589 630 637 681 689 701 719 769 771 820 928 
3 22 89 182 264 404 424 491 535 540 784 852 879 
21 116 123 141 263 293 301 317 319 395 398 416 477 480 541 558 575 609 636 652 655 664 683 732 736 748 760 773 800 802 809 817 916 937 948 972 999 
62 125 140 148 167 254 269 314 343 431 443 456 515 537 556 593 596 617 678 741 749 791 876 917 926 929 973 978 
17 46 227 262 368 390 422 435 497 512 562 614 745 825 878 980 
542 766 790 909 
10 56 169 185 188 250 266 295 312 316 333 350 386 407 488 587 626 646 707 770 831 877 934 
63 66 77 98 129 149 198 231 255 484 506 594 608 625 662 700 731 747 793 797 925 945 969 977 994 
52 78 80 131 145 155 158 174 200 205 257 287 323 336 349 375 467 479 490 513 567 623 644 674 764 775 796 858 866 869 915 927 956 966 979 
51 59 65 76 86 107 109 226 278 417 439 457 476 534 544 566 583 619 735 792 840 855 889 965 997 
13 64 163 166 440 872 
57 91 93 382 394 496 517 525 527 586 687 751 835 883 905 940 991 
94 159 285 308 344 360 373 397 433 631 686 708 788 818 920 958 
15 54 249 256 277 291 406 418 448 466 495 500 545 642 691 720 746 750 755 854 918 
147 176 253 289 304 410 481 504 510 529 628 634 768 803 806 936 
5 67 71 95 197 211 260 313 445 485 493 501 505 590 627 648 667 682 694 728 780 813 814 842 882 890 960 967 
14 38 55 104 183 187 222 276 396 402 522 641 727 786 833 
26 83 133 173 216 300 376 377 436 528 546 559 600 656 705 730 738 740 756 853 884 923 941 955 982 
132 179 235 238 283 305 324 401 405 419 425 482 552 563 677 690 693 695 711 712 721 761 787 795 798 827 830 837 856 864 868 880 899 914 922 950 976 
39 47 73 164 191 199 279 315 393 421 447 536 654 673 692 754 799 900 907 912 
168 247 259 318 414 489 550 632 651 680 757 776 808 836 906 971 
292 483 812 932 
35 70 232 335 498 688 781 974 1000 
