10225.25
11 13 27 38 40 114 137 176 248 254 256 276 288 297 315 337 425 436 488 496 504 505 565 570 615 617 628 684 719 786 796 831 836 838 847 920 936 
34 133 134 211 328 342 358 482 499 530 548 581 621 723 740 780 892 950 
17 123 127 179 230 417 670 708 717 721 972 
58 77 89 102 106 135 142 182 258 270 298 320 357 369 374 393 400 468 537 538 550 563 568 599 669 699 703 707 731 745 775 798 882 886 910 927 928 956 973 
28 65 95 247 261 356 370 399 415 431 452 481 497 649 652 781 900 904 
69 483 494 533 583 
50 110 157 171 173 177 219 239 263 281 302 304 355 363 372 404 408 447 448 456 462 480 502 569 622 701 774 792 819 823 984 
478 614 679 941 958 
3 9 19 74 111 154 160 175 201 209 225 241 249 277 289 309 311 340 449 460 465 515 636 653 654 715 739 762 817 848 868 878 884 915 924 925 974 
22 327 846 
45 49 83 96 103 105 185 232 253 279 333 375 416 474 486 503 520 552 590 594 637 677 693 713 744 748 751 756 770 815 843 871 919 
67 202 559 802 
56 68 112 167 184 191 386 551 619 624 659 680 905 933 965 975 
164 360 396 418 528 625 656 725 741 940 971 
44 84 118 186 262 286 306 373 498 623 662 664 947 
41 147 307 341 377 385 450 545 612 631 663 673 710 754 870 
264 338 441 535 772 794 844 961 976 
14 31 88 216 217 252 458 511 575 609 672 683 960 
61 156 220 233 273 301 354 395 439 472 485 492 508 517 531 574 587 704 753 755 789 820 825 891 896 921 959 
20 169 218 227 231 243 245 336 350 364 382 405 407 427 435 445 495 541 584 589 598 620 632 687 696 729 761 807 893 895 938 945 977 982 985 
32 131 158 188 198 237 240 403 411 426 443 567 582 646 665 688 784 787 814 834 914 939 
4 21 204 267 312 322 553 760 841 890 986 
39 119 467 509 643 
48 57 168 916 
23 196 268 314 339 579 629 804 888 
100 145 187 197 221 238 269 272 388 412 459 522 540 546 573 593 634 639 657 674 711 724 730 737 742 747 877 944 952 
10 66 97 140 150 153 413 469 491 516 608 618 626 689 692 694 736 743 779 790 805 879 951 987 
55 60 70 73 79 107 126 180 296 387 513 529 543 576 666 783 853 865 935 955 
1 25 43 59 93 124 139 152 163 203 206 214 222 283 293 305 329 335 389 455 479 534 571 591 604 607 610 611 678 716 757 785 859 861 873 881 894 903 953 
62 81 132 194 199 275 313 348 349 371 383 384 394 420 438 477 727 733 749 769 822 909 
26 120 129 162 331 801 970 
136 229 471 588 675 720 735 856 937 
12 87 121 224 260 294 379 446 539 580 605 676 712 722 759 777 803 824 926 980 
165 189 250 318 343 392 423 451 633 706 758 808 837 911 930 
5 15 18 104 141 235 242 246 332 351 352 380 409 475 490 532 542 556 627 655 700 702 778 793 809 833 835 845 854 855 874 902 991 
7 33 72 90 236 344 390 526 596 648 651 705 734 750 788 860 876 898 901 913 946 954 
8 166 170 192 255 558 603 810 851 918 949 
30 53 117 159 161 210 228 271 280 300 308 330 353 365 397 406 421 428 473 476 525 555 562 585 606 635 645 738 773 821 830 864 869 907 931 957 964 969 978 
86 122 212 215 265 278 282 317 434 518 564 586 630 644 685 752 829 832 862 875 934 943 963 990 
42 46 292 782 908 
6 143 146 226 284 285 401 510 572 577 597 616 799 
29 64 71 85 91 125 130 174 193 244 274 303 359 430 493 601 602 667 671 714 766 806 826 842 850 880 883 885 967 992 
101 148 178 223 376 464 521 547 600 660 840 887 932 
36 52 54 78 92 94 99 116 138 172 183 207 208 259 290 299 310 361 414 419 442 453 461 466 470 527 566 686 690 698 776 800 811 858 889 948 979 
2 51 63 76 113 144 149 181 200 251 316 321 345 362 366 402 440 444 489 514 524 560 650 658 682 691 709 718 726 746 767 791 872 897 912 968 989 
151 507 641 647 
16 24 82 108 109 115 155 205 234 291 323 324 367 381 391 398 433 437 463 484 487 519 544 578 613 728 732 764 768 797 816 839 849 906 917 962 983 
37 75 98 190 287 319 326 334 346 410 424 454 457 501 512 554 595 640 661 681 695 697 771 795 812 827 852 863 923 
80 347 368 422 500 638 642 813 818 866 899 922 966 
35 47 128 195 213 257 266 295 325 378 429 432 506 523 536 549 557 561 592 668 763 765 828 857 867 929 942 981 988 
