10555.86
7 13 25 26 48 90 100 119 129 152 160 165 167 170 231 339 429 476 519 528 541 562 572 599 645 657 671 691 703 730 785 822 854 924 
1 2 6 18 58 97 108 134 168 228 237 242 265 322 332 385 407 455 482 523 550 576 616 664 706 720 764 775 809 847 881 892 940 983 988 996 
49 61 70 130 241 258 262 280 368 384 433 480 483 498 513 557 590 660 669 687 713 727 733 744 795 811 872 880 912 917 923 936 993 995 
179 293 341 354 367 699 761 784 903 
342 462 538 1000 
10 39 47 77 157 238 297 348 398 410 425 453 475 692 698 711 723 754 791 843 908 918 954 984 
184 383 405 437 532 649 964 
121 230 507 601 612 642 693 779 836 874 876 896 928 
64 512 586 637 652 732 842 845 899 
21 40 53 65 72 116 144 153 206 290 344 362 370 430 488 499 593 595 600 631 648 654 658 672 682 738 750 792 900 931 975 979 
104 186 236 352 630 
71 113 166 207 210 214 225 423 477 501 524 534 553 560 582 636 668 675 696 726 769 802 888 992 
51 239 382 393 506 575 707 776 813 929 935 
3 12 33 50 107 146 197 302 356 359 426 505 533 547 558 573 608 623 640 705 715 758 762 766 850 869 937 998 
24 57 88 99 124 131 147 164 181 201 276 328 336 351 489 545 563 646 663 684 686 852 891 927 948 976 999 
137 138 305 338 340 376 417 589 644 817 871 922 962 
16 143 156 182 248 272 313 415 428 467 479 508 611 613 615 617 635 734 737 788 863 925 
22 23 122 132 154 161 195 252 275 298 319 333 343 366 435 452 492 548 554 561 701 702 736 770 790 827 834 838 864 887 902 952 959 991 
17 27 42 96 209 254 255 256 267 311 399 418 436 472 474 511 596 643 794 884 934 
11 28 44 79 205 357 414 521 591 618 653 709 714 743 768 782 807 858 866 933 943 951 
29 103 126 191 199 281 291 301 303 404 416 442 445 450 456 460 473 535 570 587 610 651 690 694 708 731 816 828 835 851 853 877 885 894 960 961 
54 78 140 188 198 200 323 363 364 401 525 577 739 808 814 
52 114 155 193 289 300 320 361 372 394 412 419 440 497 515 647 678 745 765 823 859 982 989 
19 35 45 56 59 163 189 224 247 306 358 396 459 468 485 502 514 571 620 659 717 774 801 846 855 906 910 938 
43 94 112 145 148 172 176 177 282 304 318 330 378 408 444 463 484 542 555 606 614 627 655 656 662 680 695 724 797 831 844 856 
66 85 92 101 135 183 202 211 220 250 269 317 331 337 379 400 413 427 451 464 516 526 530 565 579 634 650 677 688 722 773 783 818 882 893 947 965 970 
34 63 75 151 192 196 221 233 244 245 249 251 270 299 334 365 406 466 522 537 567 598 641 674 749 778 789 810 861 898 930 990 
123 223 380 402 422 487 574 594 603 679 710 821 911 
15 111 115 159 173 235 309 335 381 438 449 503 529 536 540 566 569 580 605 746 848 889 895 919 
62 93 204 219 391 443 619 621 849 886 926 
36 67 68 169 216 403 490 581 602 625 667 740 772 939 956 
37 82 142 180 194 215 218 246 261 263 307 321 349 377 409 432 446 448 486 493 549 604 607 661 670 676 718 735 753 767 800 883 890 904 907 915 953 980 
32 120 128 208 213 257 271 278 287 292 296 457 458 588 597 
38 109 110 187 310 327 369 447 510 786 921 
46 158 174 264 286 345 373 375 386 481 628 683 716 729 760 798 812 873 932 945 955 958 
20 125 185 203 308 312 578 585 700 799 857 941 957 
14 55 87 106 162 229 232 243 324 390 420 441 454 494 509 531 568 689 806 905 963 972 
141 751 949 971 
288 360 681 942 
8 371 374 424 439 465 491 527 584 624 712 757 826 875 986 
9 102 118 274 350 431 496 639 763 787 793 820 865 870 909 
4 30 31 69 83 86 91 105 136 171 212 217 234 325 353 387 421 500 564 583 609 633 673 685 725 747 748 755 780 803 815 824 833 914 920 946 973 997 
259 277 295 411 434 728 742 829 841 
284 559 665 771 
73 74 81 190 283 388 504 546 552 626 632 638 719 721 819 830 840 878 967 968 974 994 
84 149 226 260 294 395 518 544 622 796 825 832 867 868 978 
76 178 279 495 517 551 556 879 916 985 987 
139 315 329 346 347 392 397 470 478 543 592 901 966 969 981 
5 41 60 80 89 98 117 127 175 222 240 253 266 268 273 314 389 461 471 520 539 629 666 697 704 741 752 756 759 781 804 805 837 897 944 950 
95 133 150 227 285 316 326 355 469 777 839 860 862 913 977 
