6518.22
11 38 73 108 153 157 163 174 184 212 218 257 329 330 373 431 441 458 519 538 563 594 595 607 
36 45 67 74 76 134 137 151 192 211 226 230 271 289 317 337 344 382 394 406 416 430 518 542 549 557 589 599 612 624 
61 104 132 143 167 223 282 310 422 488 497 593 
2 354 525 
56 68 70 82 96 98 111 119 130 135 165 191 232 236 240 242 259 260 280 290 293 297 306 321 324 328 336 383 387 424 455 469 470 473 476 486 490 505 508 512 535 579 581 596 618 619 623 625 
46 51 59 129 158 179 254 272 276 360 415 423 448 462 464 496 534 541 
3 15 17 19 58 75 78 79 80 91 101 105 107 112 116 162 166 182 193 204 206 214 216 227 252 263 268 270 284 294 308 311 340 352 355 359 370 372 384 392 404 413 438 449 453 456 459 510 513 526 550 556 559 568 578 592 613 616 629 
35 39 83 90 117 121 145 159 217 225 243 261 285 358 374 378 388 389 390 407 466 477 503 530 546 566 611 
21 22 26 64 65 69 71 92 109 123 140 169 171 185 187 188 202 224 235 256 274 286 296 307 315 316 339 393 395 405 418 434 442 450 474 498 499 502 504 523 540 545 547 561 585 
14 30 62 97 209 231 255 266 281 291 298 305 334 529 543 551 569 598 602 614 615 
5 10 20 27 33 42 43 57 60 99 102 122 147 156 164 176 177 194 198 221 234 237 241 246 248 275 288 295 325 332 338 342 345 363 380 398 419 421 425 429 433 461 463 482 483 484 492 520 536 570 580 604 620 626 
1 31 40 44 115 136 144 154 170 190 239 245 249 273 292 322 327 364 366 367 412 467 468 479 481 485 532 555 562 564 572 576 586 601 609 610 
4 9 25 29 41 84 86 88 113 213 215 228 251 287 302 303 309 312 335 410 411 428 443 457 478 487 495 521 554 573 577 587 597 
28 37 47 54 72 87 100 103 127 131 146 148 178 181 186 196 201 205 304 323 326 341 349 362 365 377 391 397 408 420 437 446 454 501 514 524 544 553 571 575 583 627 
8 12 13 24 50 52 89 93 95 110 120 133 139 142 149 168 197 199 207 219 222 250 258 262 264 277 278 283 299 314 333 343 353 357 368 369 396 414 417 432 444 445 447 465 475 494 500 509 516 528 531 539 565 567 600 621 628 
6 124 155 265 269 348 350 471 491 
23 34 55 77 118 128 141 160 161 173 175 189 203 238 244 247 301 318 346 351 371 376 379 381 385 402 409 427 435 480 489 507 574 582 584 588 591 605 622 
7 63 94 106 180 208 320 331 361 436 515 527 533 603 606 
16 18 32 48 49 66 81 85 126 138 150 152 172 183 195 200 210 220 229 253 267 279 300 313 319 347 356 375 386 399 400 401 426 439 440 451 452 460 472 493 511 517 522 537 548 552 558 560 590 608 617 
53 114 125 233 403 506 
