103213.00
13 140 165 179 213 217 221 263 335 442 521 540 595 600 646 649 677 690 692 733 788 789 826 838 846 862 865 892 893 896 922 926 969 978 986 989 
3 5 41 103 128 136 139 149 173 182 183 197 226 254 260 265 282 326 381 386 396 400 412 439 450 496 523 526 541 560 638 650 679 712 724 731 744 771 821 858 879 909 918 953 984 993 1000 
24 36 37 70 130 160 215 238 267 309 345 354 399 469 472 478 517 562 582 588 601 609 616 624 627 645 666 672 696 710 716 720 737 767 779 792 807 810 866 872 883 888 902 923 939 967 982 983 
57 242 283 325 337 483 579 654 798 801 850 881 
58 246 336 356 468 514 614 655 709 726 898 991 
11 34 56 75 99 101 156 161 176 192 199 207 232 244 256 281 297 305 308 312 394 414 438 443 489 501 502 530 571 577 580 626 663 671 697 700 721 735 738 754 804 806 834 913 937 951 975 
248 465 499 527 757 829 833 900 916 933 976 998 
7 48 51 76 180 184 191 203 209 219 247 274 293 322 467 480 484 495 503 538 552 604 615 619 691 734 751 777 783 797 857 877 907 940 954 981 
6 42 68 114 121 145 181 240 257 272 273 315 334 342 350 398 402 430 435 436 458 485 488 497 524 531 554 585 598 607 628 637 658 693 747 758 766 822 835 842 844 878 880 894 925 949 966 995 
23 49 62 72 82 92 98 125 135 151 163 195 204 222 251 285 303 313 338 363 367 372 379 382 395 407 410 418 431 445 446 457 466 470 516 522 542 555 557 566 570 589 603 618 631 632 659 668 674 676 711 722 729 762 774 775 780 784 791 827 843 853 876 899 920 924 952 962 965 970 985 
27 30 32 38 46 50 52 64 87 88 91 102 109 110 111 115 129 132 157 164 177 193 200 216 225 230 234 252 253 258 261 266 275 280 292 302 316 327 328 339 355 361 368 380 411 417 422 437 460 471 476 490 491 494 498 534 536 558 567 568 569 574 583 606 608 647 665 682 685 689 698 699 714 718 741 755 759 803 813 840 956 968 999 
85 166 185 196 231 321 364 723 753 861 885 934 
14 71 81 95 124 127 141 143 154 159 174 243 298 300 340 357 375 383 409 423 424 428 429 433 474 504 535 572 605 620 657 660 669 719 752 773 786 787 828 839 841 849 852 882 889 891 964 
142 168 214 245 270 289 314 528 533 559 561 584 730 859 
15 31 78 79 100 104 106 107 113 134 188 233 249 259 276 291 318 358 365 387 390 391 449 452 462 464 492 505 511 518 529 539 546 564 590 599 612 630 651 653 664 667 695 704 707 717 764 785 794 796 805 812 830 869 870 911 919 947 959 
2 12 17 25 40 60 66 86 96 117 126 138 148 155 171 189 201 208 210 224 237 250 255 277 304 319 323 333 344 359 362 369 384 392 406 408 415 441 444 475 508 513 543 551 556 563 586 602 623 629 635 639 641 670 683 687 703 705 725 742 745 749 750 756 781 782 816 819 824 856 863 906 912 917 921 942 945 960 961 971 974 979 992 
4 18 21 29 39 44 45 47 55 69 73 84 89 112 120 137 150 167 170 186 198 205 206 220 241 288 295 311 331 332 366 370 374 393 404 405 427 455 463 507 520 525 578 592 611 613 708 739 748 770 778 793 800 808 817 831 845 854 855 868 887 897 901 903 928 936 957 972 980 987 988 
20 26 28 33 43 90 97 105 119 123 133 146 153 178 223 229 236 268 278 279 287 290 294 317 320 330 341 347 351 353 388 416 432 459 486 487 506 509 510 548 553 573 575 581 597 617 633 642 643 644 648 684 694 702 706 715 732 743 746 763 765 768 795 799 809 814 815 823 836 848 867 890 914 915 930 932 946 948 958 963 977 990 994 
9 16 59 63 74 218 306 329 352 373 376 434 519 545 547 587 591 662 686 761 802 818 864 973 
8 22 61 83 118 158 172 211 227 235 264 271 286 301 324 346 377 419 426 453 473 482 596 636 640 652 656 673 713 728 811 825 871 904 905 938 
1 10 35 54 65 67 77 94 122 144 147 175 190 194 228 269 284 296 299 310 360 371 378 385 401 403 413 420 421 448 454 461 477 479 481 512 515 532 537 565 576 593 594 622 625 661 675 678 680 701 736 740 769 772 776 790 832 837 847 860 873 886 908 910 927 931 935 943 950 955 996 
19 53 80 93 108 116 131 152 162 169 187 202 212 239 262 307 343 348 349 389 397 425 440 447 451 456 493 500 544 549 550 610 621 634 681 688 727 760 820 851 874 875 884 895 929 941 944 997 
