10341.12
48 61 103 109 152 157 180 195 224 231 284 309 342 360 375 385 419 441 518 533 581 585 595 616 636 640 670 675 691 703 787 811 
68 118 287 393 511 552 578 637 688 799 
210 232 236 241 244 268 358 474 520 555 622 707 762 
16 35 42 116 122 143 150 188 274 354 369 383 391 396 400 406 435 450 458 495 548 572 575 583 598 632 669 742 755 764 780 792 
55 74 82 174 245 247 311 315 346 347 357 424 427 429 468 504 521 531 546 557 587 654 678 696 710 766 796 808 
182 194 312 431 480 481 569 748 
510 550 705 706 720 
36 107 117 142 165 197 230 261 278 299 307 321 338 349 366 378 436 452 509 534 547 570 588 619 630 643 709 738 761 790 814 836 841 845 
37 46 62 79 89 169 211 225 265 286 289 319 326 333 339 344 389 466 476 490 517 541 543 586 594 662 753 769 813 820 835 838 842 848 
1 18 21 39 57 167 176 198 219 228 238 252 288 293 300 303 310 334 336 364 399 439 443 484 537 554 604 605 613 723 725 747 828 833 849 850 
23 63 127 171 202 229 263 266 322 355 368 384 408 447 560 626 633 645 651 668 704 733 746 771 810 821 823 844 
24 27 34 64 78 94 121 126 130 295 304 394 397 398 403 667 719 721 749 783 802 804 855 
5 8 45 65 102 110 181 227 239 285 313 328 341 351 359 361 363 386 390 402 407 438 446 460 464 501 513 525 530 561 647 650 659 699 735 757 760 772 779 800 
15 30 75 123 330 348 426 496 507 535 556 609 612 646 682 752 834 
51 163 254 276 340 356 526 542 563 591 610 634 638 657 677 690 786 
97 223 776 
4 83 84 175 221 259 291 292 320 409 432 445 451 475 488 538 562 629 708 714 806 818 
3 72 77 85 93 108 114 148 149 160 179 186 191 237 262 269 271 324 410 416 423 434 462 471 492 500 519 553 566 597 607 618 694 697 715 728 740 774 777 798 807 843 
10 50 95 96 119 131 153 159 217 218 318 437 455 498 558 580 658 681 741 759 822 824 854 
9 31 92 101 184 192 204 213 248 457 463 483 491 515 544 551 608 611 652 660 663 712 717 730 763 788 789 832 
25 134 135 147 212 250 251 267 297 314 329 370 411 453 615 644 679 686 724 773 795 839 
43 139 161 172 290 316 567 765 
53 105 208 260 317 323 494 620 693 
29 76 112 146 277 472 655 683 689 791 
6 22 33 58 81 111 177 200 257 327 373 448 482 540 559 579 603 628 648 692 700 702 718 745 
52 59 66 70 133 193 215 235 331 456 469 524 564 584 593 729 803 
20 38 44 47 125 138 162 170 173 199 270 279 281 335 337 353 380 395 417 428 442 444 449 473 497 503 512 528 549 582 614 635 642 665 698 727 734 751 758 775 781 816 
26 140 141 144 185 233 242 243 255 362 365 404 433 465 479 485 505 523 592 711 743 801 815 830 852 
7 11 13 71 80 100 120 132 137 145 155 156 158 189 209 220 253 298 301 367 377 382 412 430 440 470 477 493 508 600 631 656 666 673 716 736 754 768 812 829 847 853 
86 106 124 164 168 214 222 226 246 264 275 350 379 422 527 574 661 687 
40 49 56 60 99 128 154 196 234 256 273 283 296 306 325 345 352 376 392 401 425 478 502 529 568 571 599 602 623 641 674 680 726 737 744 805 827 
151 388 617 685 695 797 
2 166 539 565 621 778 
17 67 113 115 183 205 272 282 294 343 374 381 420 461 514 573 576 627 671 684 701 851 
19 32 41 54 69 88 203 249 302 405 414 522 545 577 590 596 606 672 732 785 809 826 840 
12 371 486 649 739 794 817 
28 87 104 190 240 258 308 332 713 
73 206 207 305 387 421 664 782 793 819 
372 459 516 676 722 750 831 
14 90 91 98 129 136 178 187 201 216 280 413 415 418 454 467 487 489 499 506 532 536 589 601 624 625 639 653 731 756 767 770 784 825 837 846 
