10303.33
30 53 68 69 84 177 188 311 317 332 363 391 418 475 539 590 611 664 703 728 745 788 796 813 834 859 871 881 919 932 949 985 
409 426 603 965 
2 39 56 157 164 182 210 221 222 235 237 238 239 299 339 463 483 484 500 506 526 561 625 663 722 737 758 783 805 830 840 846 926 952 
9 38 79 147 224 242 275 331 374 436 438 442 730 831 849 883 942 959 961 
7 19 85 112 114 152 240 264 282 305 364 396 416 428 502 516 612 616 627 640 644 673 757 810 822 891 976 
116 133 204 243 290 350 369 491 535 553 570 593 595 609 642 679 699 704 709 742 803 815 843 882 917 
18 43 51 57 120 179 184 207 208 213 215 256 304 372 415 420 450 451 461 499 528 619 638 666 677 691 888 889 895 927 944 948 957 968 986 994 
106 277 349 371 465 542 724 916 
48 81 91 280 429 444 538 586 716 749 825 
55 111 143 178 354 388 477 505 520 529 536 577 656 857 863 866 898 902 
11 27 61 67 83 149 165 200 230 245 273 283 390 404 425 515 546 559 604 635 659 669 706 747 774 824 856 874 890 950 977 
452 651 939 
25 46 49 62 90 117 338 366 373 407 557 573 657 678 686 734 768 799 839 844 853 862 865 936 943 
5 99 101 145 252 269 333 368 379 403 405 412 414 422 432 449 474 492 504 544 565 683 735 736 772 807 812 814 820 823 841 880 906 911 
167 241 306 335 352 361 406 464 494 537 543 600 763 776 785 827 941 975 983 
17 137 139 741 847 855 
3 16 31 40 45 172 220 246 326 377 382 397 421 489 514 530 555 563 580 584 596 614 623 626 632 681 687 786 837 928 958 972 997 999 
96 140 212 263 268 272 301 327 360 375 430 433 488 532 591 622 707 787 826 864 971 993 
35 86 109 138 158 194 196 197 206 244 254 284 329 431 457 470 508 524 550 567 650 662 727 738 750 811 832 858 897 903 964 
72 82 100 103 113 148 195 211 258 362 386 472 498 588 770 868 913 937 
12 20 37 76 78 110 123 255 279 453 558 579 608 615 646 684 739 804 809 854 945 
13 15 108 136 185 271 353 387 469 480 551 808 996 
58 170 180 219 307 323 358 380 458 466 468 476 493 552 589 598 624 682 733 769 821 951 
89 175 234 250 251 262 266 289 365 435 497 618 670 693 718 752 872 967 981 
22 65 77 93 156 229 340 356 376 408 417 434 443 503 547 549 613 641 652 654 695 700 714 720 723 732 806 885 899 921 970 979 987 991 998 
63 71 150 285 295 347 384 400 455 511 534 556 585 725 764 791 795 907 915 924 946 1000 
214 818 876 956 982 
50 64 97 121 124 126 223 294 448 462 660 701 748 753 760 819 842 884 969 
59 202 276 316 487 512 629 674 878 
122 228 259 288 298 370 389 636 773 933 
107 186 293 308 312 540 560 661 766 802 869 896 901 
191 440 482 800 925 
44 95 98 162 198 201 203 253 296 309 343 510 513 548 597 639 705 729 754 759 816 894 904 935 980 
28 29 94 102 151 171 176 181 216 265 313 321 325 357 395 410 424 486 519 617 647 649 731 743 797 801 851 923 929 960 984 
163 189 278 300 521 587 607 653 777 877 990 
24 87 141 199 226 231 236 456 460 517 518 582 583 602 676 710 775 833 835 861 910 954 
1 10 21 23 34 60 70 75 88 134 142 154 161 192 209 287 292 302 315 346 348 393 419 496 581 606 630 631 668 711 719 765 798 908 930 953 963 989 
8 47 270 297 319 522 523 554 571 575 594 655 672 685 726 817 836 870 879 931 
33 155 168 173 247 260 267 320 322 341 367 378 394 401 427 446 485 566 572 578 633 645 694 697 713 744 746 767 778 784 845 860 873 905 
32 54 92 105 127 153 190 227 248 337 447 471 576 680 688 708 717 886 
14 73 135 291 345 441 712 850 900 
104 131 423 509 562 671 690 698 947 
52 80 132 225 281 399 467 478 481 495 527 531 599 605 643 667 721 789 852 893 918 934 
130 445 658 
6 66 119 128 160 232 324 336 411 454 473 568 574 715 762 793 875 955 974 992 
328 501 702 
4 144 166 303 310 342 351 413 541 569 620 628 648 692 761 779 792 828 829 912 966 988 
26 74 125 146 174 187 193 205 217 218 249 318 330 383 392 459 479 490 564 601 637 689 740 771 780 838 848 867 978 
36 41 42 115 118 261 381 385 533 592 610 621 665 751 755 782 892 909 922 938 940 973 
129 159 169 183 233 257 274 286 314 334 344 355 359 398 402 437 439 507 525 545 634 675 696 756 781 790 794 887 914 920 962 995 
