7639.67
19 120 153 167 223 280 322 345 361 371 386 398 417 481 526 582 678 800 
36 62 75 96 122 151 192 241 296 330 340 366 438 453 463 482 509 553 561 571 586 634 650 658 703 725 750 774 778 
77 87 114 150 154 157 272 274 277 279 315 316 332 370 379 456 517 533 535 539 576 687 724 733 
8 86 109 146 186 221 251 349 436 474 515 521 522 529 534 560 578 600 677 707 721 745 746 753 757 802 
4 24 26 35 44 128 189 201 206 248 252 351 374 383 401 410 441 547 549 601 602 636 645 656 773 805 
41 380 587 
23 53 97 236 249 276 284 395 445 588 603 758 766 768 
137 161 181 258 579 635 754 
60 129 209 226 229 256 294 327 335 367 382 414 476 477 497 608 648 683 708 717 784 791 
39 63 78 132 211 233 234 260 413 423 465 468 508 518 632 714 727 759 769 770 794 
85 164 290 604 637 
68 112 115 165 179 182 187 230 263 281 312 424 443 503 557 610 620 646 670 749 792 793 
82 93 99 171 194 196 217 222 228 243 268 301 341 391 394 397 403 464 502 505 510 572 574 676 692 706 730 756 807 
135 435 494 537 728 
15 16 273 592 624 625 804 
245 425 674 
18 42 66 145 203 428 440 462 507 530 542 633 639 653 765 
95 116 142 147 173 188 244 299 321 373 375 405 421 433 493 573 616 641 663 689 709 739 790 809 
3 88 89 94 121 184 185 218 220 269 270 287 304 324 448 461 466 496 506 626 627 731 735 736 751 771 795 796 806 
22 65 81 166 178 210 239 282 313 329 364 390 408 455 486 513 536 562 619 669 679 684 700 715 732 748 789 799 808 
14 37 58 64 71 72 80 159 176 191 207 227 253 291 343 368 400 459 479 501 523 551 589 631 734 776 782 
10 55 79 242 246 325 393 475 514 543 550 559 575 591 618 638 647 666 685 755 772 
9 33 46 47 48 59 84 100 102 131 219 262 264 278 302 389 399 406 415 447 458 472 519 540 563 665 694 712 775 
17 49 106 110 266 286 337 350 388 442 444 450 504 552 594 672 719 
5 21 29 38 101 139 195 216 254 353 363 381 392 430 525 546 558 583 622 701 720 729 741 747 764 
127 140 193 213 490 580 
7 76 125 197 307 342 411 422 449 491 584 628 668 673 681 713 761 
67 104 144 224 240 293 360 402 485 555 556 598 621 630 654 659 710 
13 50 123 155 169 175 362 470 478 511 531 548 649 675 686 744 780 
202 295 565 718 752 
45 52 69 141 160 170 208 232 261 338 339 346 355 365 372 420 457 487 655 691 723 777 781 783 
108 111 136 162 190 257 265 409 682 726 
31 174 310 439 492 
34 70 105 119 156 205 259 267 275 283 333 347 356 359 377 431 516 524 554 564 585 593 606 644 661 762 786 
6 27 30 103 198 231 250 285 336 469 495 498 499 520 538 599 613 642 657 660 662 698 
40 57 90 172 204 288 297 305 309 326 331 344 348 378 429 473 566 596 597 612 760 803 
12 92 126 133 143 199 235 289 292 323 352 358 416 426 432 467 488 489 500 568 590 667 693 696 704 722 743 767 787 
32 54 113 134 200 317 385 396 427 437 451 512 570 581 607 664 671 697 740 763 
56 61 83 117 124 255 298 311 318 328 334 384 541 577 605 609 699 788 
1 25 91 212 225 237 306 308 319 387 446 527 528 544 567 569 623 798 
107 434 
28 51 118 130 148 152 168 177 180 214 357 369 376 412 418 452 460 532 545 617 640 651 652 680 695 711 742 801 
11 74 149 158 215 238 247 320 354 419 471 483 484 595 611 615 702 779 
20 73 98 138 300 314 629 705 785 797 
2 43 163 183 271 303 404 407 454 480 614 643 688 690 716 737 738 
