18026.27
7 45 57 104 109 174 224 299 361 503 586 613 674 695 727 747 766 773 847 849 864 898 983 
325 396 657 
30 188 251 298 423 471 478 556 807 819 837 863 919 978 
39 122 206 214 219 252 319 338 353 368 395 505 524 528 604 649 684 786 800 818 882 896 972 974 977 
106 112 149 158 161 173 175 187 222 268 296 375 381 384 437 475 490 529 535 568 596 605 663 675 678 701 728 734 785 794 804 820 823 839 875 915 931 
48 53 87 131 137 141 147 171 178 200 201 212 243 260 261 290 312 397 402 440 447 460 461 470 494 518 530 548 561 570 573 616 622 643 651 652 679 682 787 802 813 815 830 833 890 894 914 955 968 
16 35 88 96 111 155 167 318 578 655 677 806 941 
21 31 37 63 110 119 124 133 140 148 151 184 238 257 301 377 388 394 407 418 465 516 543 554 602 627 634 637 689 738 742 760 776 814 943 946 951 961 969 970 971 987 
152 165 267 275 359 632 680 929 
22 102 169 256 304 336 413 496 511 512 588 612 741 995 
82 89 101 309 317 326 357 363 408 466 499 691 702 756 763 779 790 903 964 965 
197 334 350 577 597 791 
29 58 75 134 181 215 239 249 282 307 366 374 401 536 635 638 653 661 662 761 797 852 867 967 996 
47 72 76 83 84 108 146 160 162 168 306 345 365 399 406 442 480 481 542 574 615 621 647 654 717 770 824 865 891 899 906 909 957 992 
235 289 330 349 435 500 501 611 625 648 698 856 874 920 926 
8 12 28 114 120 153 157 232 295 356 358 376 411 515 533 540 551 617 660 688 767 826 858 902 947 
17 69 95 186 199 452 521 549 737 832 934 963 973 
15 34 297 386 510 699 901 
107 203 424 526 558 640 658 696 
225 547 623 670 900 938 
27 253 293 355 367 392 438 492 507 519 581 595 628 631 642 707 716 854 883 897 933 945 986 
56 61 93 130 145 193 210 244 255 276 342 443 474 483 520 584 603 646 687 719 722 726 869 942 944 
4 43 59 80 100 202 226 236 279 327 373 389 393 410 446 454 491 513 531 545 582 619 626 659 725 755 771 842 843 846 878 975 984 990 
25 44 67 71 73 78 85 127 128 190 191 234 250 264 281 283 305 313 328 341 364 369 459 468 477 565 600 607 629 712 714 751 765 772 782 879 907 912 921 922 962 994 
5 68 163 180 189 227 247 259 324 347 360 370 383 497 614 644 709 731 796 825 857 868 871 925 988 
204 205 323 422 589 630 816 828 831 840 
10 77 142 179 278 362 372 390 414 550 560 718 729 769 801 812 853 860 870 924 
23 24 64 116 135 164 211 231 316 405 420 427 430 431 464 544 555 598 618 656 693 700 713 715 720 746 821 827 834 836 866 872 910 956 966 993 999 
74 198 583 721 723 954 
138 352 848 
50 115 117 132 166 237 287 333 378 379 380 425 434 564 579 636 697 706 752 792 876 881 936 952 982 
33 81 90 113 118 207 240 277 285 331 371 382 484 559 585 610 665 757 778 789 817 889 981 
26 444 487 575 927 958 
38 136 391 527 735 
60 154 156 322 403 415 445 485 523 552 562 576 692 774 811 888 895 950 
3 19 20 97 144 195 273 280 308 580 672 798 885 887 937 
18 36 46 49 92 94 121 150 216 230 248 265 284 320 332 398 416 426 428 429 441 457 479 495 498 532 534 594 624 641 694 705 732 754 775 795 810 841 873 877 884 886 923 976 
291 404 433 450 522 566 780 784 
2 6 11 32 54 55 126 159 185 229 233 269 272 310 400 439 451 458 482 509 537 539 553 569 571 587 620 639 671 703 730 739 748 762 764 793 799 808 809 838 892 905 911 953 
196 220 221 242 337 344 590 667 668 822 855 880 904 949 
263 315 335 419 421 563 572 645 664 736 743 744 844 
99 123 176 177 213 254 266 271 409 432 448 463 514 783 835 913 916 948 
86 143 228 274 314 340 346 351 462 467 493 504 506 608 669 724 733 777 908 985 
91 98 139 412 557 704 711 850 979 
245 258 262 343 387 453 472 476 486 517 592 593 606 708 750 753 851 859 861 930 935 940 960 
13 14 40 41 52 125 129 172 182 292 417 740 759 805 928 939 980 989 998 1000 
9 62 66 105 170 183 192 194 208 218 223 241 246 270 288 294 300 302 311 339 385 455 508 525 538 567 601 609 666 673 681 683 686 745 758 768 829 845 893 917 932 959 
321 489 676 
1 70 286 329 348 354 469 488 546 591 599 685 710 781 788 
42 51 65 79 103 209 217 303 436 449 456 473 502 541 633 650 690 749 803 862 918 991 997 
