9914.33
17 19 201 372 390 409 421 427 501 547 551 633 761 802 844 952 967 
80 103 105 271 339 382 448 758 813 836 923 976 
28 45 47 67 93 122 156 168 209 317 336 344 375 387 408 426 442 445 452 485 568 573 583 625 723 787 801 805 807 815 819 854 937 
71 77 257 333 338 435 621 734 877 968 
121 258 266 312 322 378 428 462 499 502 506 617 629 646 684 685 705 837 872 880 904 919 
30 42 52 68 94 98 110 134 315 377 384 407 469 482 509 521 553 620 641 688 712 792 832 876 883 970 
43 132 145 182 196 413 505 594 647 748 943 986 
13 36 50 151 197 202 207 208 228 269 327 395 430 449 464 510 582 590 603 726 777 786 795 827 829 847 862 863 873 909 980 
178 192 451 578 707 910 922 
69 139 186 216 225 226 246 253 264 283 302 308 332 450 493 549 566 596 640 643 649 654 683 695 732 739 789 831 866 870 884 898 899 
38 83 127 131 136 143 187 204 230 247 279 304 361 374 416 434 519 524 525 534 622 628 631 632 655 665 722 756 785 826 841 857 979 
58 72 135 193 238 285 365 399 441 476 508 619 737 740 875 916 932 945 949 
2 5 75 79 142 177 231 236 250 289 318 331 343 381 393 503 538 539 610 674 750 774 809 927 928 985 
23 85 92 215 261 324 346 350 397 432 554 562 572 645 775 810 818 828 833 885 942 
20 53 219 233 461 480 515 613 992 
8 21 173 198 240 363 466 475 556 606 648 673 846 961 
235 249 389 404 484 491 492 616 718 812 959 981 
119 370 411 412 709 
1 9 14 104 123 152 155 162 260 272 292 314 335 419 471 477 481 498 548 598 604 636 687 729 757 759 765 879 881 984 
6 190 276 337 766 869 874 
16 24 39 74 97 109 125 163 211 243 281 287 291 299 362 385 403 438 440 528 559 567 577 592 600 612 686 706 719 727 753 814 
102 293 306 356 443 512 514 517 535 634 637 660 661 679 782 835 
124 195 210 286 456 494 522 784 900 995 
29 55 137 148 175 188 242 244 311 316 326 386 422 429 444 467 488 516 560 580 601 642 762 764 865 893 939 955 994 
108 146 366 394 405 459 638 653 659 669 716 790 895 931 998 
51 63 99 167 222 294 296 328 436 487 597 623 678 800 859 892 901 926 950 
128 455 
251 348 357 388 587 588 696 735 769 776 779 796 816 871 878 933 
4 181 245 284 437 454 495 693 702 768 771 791 799 817 907 914 989 996 1000 
37 158 180 300 347 354 368 406 415 423 468 483 575 607 609 650 710 741 821 897 912 941 
40 157 270 334 571 662 744 890 963 
73 149 174 352 470 664 680 855 938 962 
27 120 313 611 990 
10 32 33 64 130 199 217 227 255 273 277 305 373 460 473 479 497 526 595 626 627 691 715 720 754 778 798 811 822 838 891 913 936 975 988 991 
18 26 81 96 176 303 391 504 518 555 574 658 676 724 736 845 848 850 957 960 993 
59 101 652 671 698 806 896 
3 60 106 112 116 164 229 239 241 288 297 323 340 342 369 379 380 400 457 465 527 545 546 586 593 644 663 697 749 767 770 825 887 888 935 
12 70 88 254 401 486 500 520 666 667 677 700 701 725 745 752 858 868 908 924 929 958 971 978 
140 183 223 232 268 349 355 418 453 472 490 532 533 544 550 670 755 803 853 882 886 902 917 918 934 965 
15 41 57 129 144 147 160 200 212 213 234 262 263 280 439 489 523 540 576 584 589 721 731 743 781 788 851 867 944 969 999 
31 48 54 84 95 154 218 267 301 309 371 537 681 708 711 713 733 783 842 860 997 
11 22 165 220 295 321 531 690 692 703 
35 91 100 107 126 138 169 170 184 194 206 237 275 290 330 353 358 402 410 536 585 599 608 615 682 746 751 772 797 820 889 905 951 
90 159 166 203 282 319 383 392 417 635 639 668 730 793 834 911 921 925 953 966 973 
89 141 179 278 351 420 507 541 558 579 614 618 656 728 804 843 856 
44 56 76 115 252 298 359 446 552 563 624 699 824 864 915 
34 61 161 171 191 205 224 259 310 320 329 396 425 530 542 557 564 581 657 694 714 738 760 773 794 840 930 956 972 977 
7 25 46 49 62 65 87 111 150 153 189 248 265 345 376 414 447 511 529 543 569 602 675 747 763 808 830 849 852 894 920 940 948 954 983 
78 86 113 117 118 185 221 360 367 431 433 463 474 478 630 704 717 742 780 861 946 947 974 982 
66 82 114 133 172 214 256 274 307 325 341 364 398 424 458 496 513 561 565 570 591 605 651 672 689 823 839 903 906 964 987 
