9505.00
69 81 93 177 228 293 427 439 450 464 465 513 550 579 658 699 738 740 745 807 840 871 918 980 
53 122 127 265 270 331 340 416 441 526 544 582 589 670 677 714 766 774 798 827 915 953 999 
34 104 112 123 166 243 249 297 345 370 388 437 506 567 580 663 707 768 802 803 905 907 961 
2 12 43 85 231 238 296 402 429 438 547 652 655 895 982 
24 76 148 194 205 214 383 391 443 489 520 532 546 694 818 854 914 997 1000 
119 125 131 302 364 390 405 407 459 511 555 682 701 800 911 920 963 
98 283 285 286 736 
78 106 147 158 219 224 245 250 284 300 346 351 355 445 470 486 492 495 497 510 536 558 564 565 604 609 635 698 824 839 889 903 917 986 988 
13 68 109 135 247 332 359 375 377 518 665 718 815 826 
201 498 645 
17 25 31 79 327 435 523 561 611 632 685 693 
23 137 213 272 358 360 387 457 458 467 472 505 509 512 539 583 607 666 710 744 758 821 838 841 868 875 902 971 981 983 995 
88 145 154 190 251 363 394 396 493 570 592 628 650 748 767 855 936 
20 96 103 115 172 178 189 211 222 246 280 298 317 366 403 478 482 566 634 719 769 781 831 857 888 910 925 929 939 957 978 
369 440 500 560 588 919 998 
6 32 58 61 66 75 87 114 180 235 267 287 319 338 350 371 384 422 488 530 614 618 644 651 659 684 750 842 900 
16 47 67 83 128 144 168 233 452 535 572 577 598 697 771 772 799 814 823 849 870 894 967 973 
3 70 82 149 173 199 218 225 240 277 294 320 339 365 372 385 386 454 460 476 507 576 590 596 672 764 804 863 899 932 943 945 976 984 985 991 
7 28 86 156 164 195 216 232 261 273 409 421 424 471 612 656 671 753 789 834 836 862 954 987 
21 423 801 
4 29 37 40 45 134 152 182 184 207 212 227 236 262 288 310 342 343 352 397 401 414 503 517 556 610 621 776 830 832 869 886 896 898 937 993 
10 36 41 52 157 183 217 239 263 274 289 315 335 361 516 519 761 783 784 828 829 878 883 906 942 979 
18 38 54 220 259 348 404 408 410 418 551 553 563 643 754 847 865 866 884 927 934 941 959 974 
15 56 176 241 255 303 400 413 463 487 562 752 791 892 909 
62 92 108 143 153 181 202 242 292 344 483 521 542 545 554 594 597 617 625 629 708 729 759 770 811 813 825 864 880 913 952 962 
11 84 91 100 266 269 305 313 333 382 442 449 587 591 613 627 647 649 715 720 747 773 860 960 965 992 
136 165 167 169 253 304 323 330 417 431 528 552 569 573 733 742 793 809 867 897 940 944 972 990 
5 39 151 257 271 278 282 325 446 514 522 664 844 879 956 
49 60 63 71 179 203 318 322 324 337 341 426 432 436 448 537 549 601 623 624 657 724 751 778 787 795 796 808 810 812 816 873 881 931 968 
46 110 138 209 347 378 380 398 399 411 419 462 466 527 557 640 668 678 725 756 779 785 792 845 876 901 916 928 951 
26 97 141 146 159 163 174 237 367 534 653 660 667 712 743 746 848 861 969 
55 161 254 373 765 806 835 
65 74 170 295 306 308 593 646 679 680 681 686 690 692 696 851 890 912 924 933 958 
8 30 59 77 121 256 281 328 376 392 491 502 662 709 731 850 989 
22 33 35 64 72 193 362 395 444 469 477 524 568 630 675 713 716 727 732 777 794 817 893 921 922 930 996 
73 99 368 475 586 600 606 616 691 695 722 822 
117 312 461 473 631 
44 187 210 275 321 329 430 479 585 595 620 687 702 711 717 780 820 882 891 
19 95 139 171 186 290 412 420 451 504 548 571 575 619 683 726 735 788 797 843 846 950 964 
80 101 105 133 191 381 415 474 480 481 484 494 581 638 642 648 654 706 728 730 734 739 755 786 926 975 
51 276 389 447 496 541 637 935 948 
142 229 248 307 531 574 605 721 859 
14 50 107 118 188 200 244 252 299 301 393 529 540 608 757 775 782 833 837 853 872 885 949 
9 27 48 57 124 126 175 206 208 221 268 326 356 379 425 455 485 490 499 525 559 578 599 622 661 674 676 737 749 760 877 887 904 938 946 
42 89 94 113 132 456 955 
120 185 192 230 279 336 354 434 468 501 515 533 538 543 633 673 689 705 741 856 994 
150 234 264 311 316 374 433 453 508 626 636 641 704 762 805 819 923 
160 197 198 226 260 349 688 703 763 966 970 
1 102 111 116 140 155 162 196 204 223 258 334 353 357 406 428 584 602 603 639 700 723 852 858 874 947 977 
90 129 130 215 291 309 314 615 669 790 908 
