10303.43
68 107 124 159 177 183 257 297 320 330 349 363 402 437 489 525 590 634 645 696 728 771 788 790 794 834 847 850 881 920 952 985 
278 409 426 603 
2 34 99 173 222 245 247 267 299 326 333 368 382 401 412 414 427 446 483 484 503 521 526 565 683 767 778 823 830 880 906 911 914 984 
9 69 79 146 202 242 262 289 365 442 462 494 562 670 718 763 893 942 967 975 
19 26 30 57 67 112 264 282 283 305 364 396 417 428 434 502 523 587 662 701 724 729 781 810 822 828 976 
10 13 88 162 198 218 253 290 295 404 491 535 573 609 642 699 761 815 839 841 844 853 882 904 943 
7 27 31 44 93 109 156 206 256 293 308 317 340 372 376 398 408 443 451 499 549 575 585 613 637 700 716 840 871 922 927 933 944 968 979 994 
465 542 545 629 644 664 875 878 
122 228 229 238 416 449 540 570 586 800 897 
54 72 82 100 143 354 362 472 498 505 515 564 588 636 665 886 910 986 
42 55 66 191 196 216 244 265 273 292 356 359 424 475 480 507 546 554 559 567 607 635 659 689 691 706 811 874 923 929 960 
651 714 939 
62 98 116 117 203 234 243 324 325 338 343 350 366 369 392 510 513 557 709 734 736 816 894 917 937 
18 23 157 182 227 237 246 260 275 298 379 394 403 405 429 432 469 487 500 530 544 574 614 619 681 702 784 786 805 807 820 972 982 997 
43 50 89 121 131 235 251 266 361 452 538 600 660 752 802 817 883 961 981 983 
17 291 741 845 855 891 
5 16 39 45 47 56 94 120 145 148 155 172 210 269 339 341 367 422 516 555 580 584 641 725 746 758 783 814 837 843 846 861 873 928 
24 71 78 136 301 375 389 425 488 533 558 593 610 615 676 733 739 755 864 907 946 971 
11 29 52 152 158 165 233 284 296 357 384 415 431 457 470 474 519 536 612 647 695 750 766 774 792 856 858 890 950 977 
15 137 153 178 211 388 477 485 579 649 688 735 770 780 866 876 898 913 
37 40 63 110 180 212 255 385 430 467 468 624 648 684 692 710 751 756 779 918 1000 
22 108 163 307 353 551 560 589 685 863 938 945 998 
113 115 140 263 268 272 327 360 433 476 582 656 694 707 721 764 892 909 915 940 973 993 
169 175 250 287 319 435 440 464 571 618 661 776 795 808 831 849 872 941 959 963 
14 51 65 77 106 194 215 274 286 328 395 439 450 461 528 531 547 611 623 638 653 654 666 675 712 720 723 732 777 806 860 885 948 957 978 991 
76 80 95 118 123 226 261 279 303 399 466 532 569 602 643 809 835 877 889 947 951 
458 492 578 899 962 
97 126 128 223 232 294 300 306 331 336 418 436 438 497 522 594 753 859 884 987 
168 316 387 512 620 757 798 900 916 
20 81 91 280 572 581 671 704 747 749 
103 119 186 312 391 410 454 708 869 888 901 912 970 
139 221 633 737 813 965 
49 133 201 204 209 309 373 374 407 441 482 548 592 595 673 686 697 705 744 759 768 799 865 935 980 
28 46 85 86 102 138 176 181 197 230 288 329 508 539 550 617 627 632 650 669 677 731 797 803 824 851 896 903 955 958 964 
90 151 179 207 254 259 370 444 773 926 
4 12 132 193 219 231 236 351 371 381 453 495 511 517 518 583 599 789 791 829 934 966 
25 75 104 142 160 161 192 200 277 302 315 321 345 346 355 393 419 447 490 496 597 606 625 630 640 668 711 719 727 742 765 868 895 921 930 953 974 989 
6 8 64 83 214 241 314 335 448 463 473 596 655 672 693 726 760 785 842 867 
3 33 35 48 101 149 164 208 220 252 270 322 377 378 397 420 504 506 509 514 563 566 604 674 678 687 713 715 812 818 838 862 905 999 
32 92 105 111 127 190 205 248 258 271 386 471 529 577 680 738 857 902 
1 60 73 135 171 628 690 698 782 
58 154 185 195 524 616 743 826 992 
41 184 199 285 323 337 342 358 380 400 455 527 534 552 598 682 769 833 854 924 988 
130 445 658 
38 61 167 224 318 352 406 411 537 543 591 730 762 793 819 836 870 931 969 
147 745 990 
36 96 141 166 225 240 310 347 460 493 501 541 605 608 621 646 652 717 772 775 879 956 
21 125 174 187 189 213 217 239 249 304 313 459 479 481 486 520 556 568 576 601 626 657 663 679 740 754 801 827 848 
74 87 134 144 150 170 276 281 390 413 456 478 553 622 667 787 804 821 832 852 954 
53 59 70 84 114 129 188 311 332 334 344 348 383 421 423 561 631 639 703 722 748 796 825 887 908 919 925 932 936 949 995 996 
