9713.21
21 31 96 220 257 280 290 320 371 425 428 433 439 482 486 564 569 573 616 621 645 740 789 857 863 915 924 990 
35 50 61 118 135 153 185 189 243 510 538 682 899 980 
70 398 756 836 896 
11 23 99 109 131 140 230 232 300 338 370 397 419 504 525 597 602 606 637 830 908 950 966 
5 49 56 64 173 195 204 336 342 350 352 376 423 437 443 589 599 604 648 664 686 703 728 810 837 870 891 919 936 948 952 957 973 992 
171 326 359 403 421 447 995 
1 115 119 253 271 318 596 615 663 719 959 
164 197 497 794 882 
27 59 224 226 513 514 685 
7 28 104 154 299 362 417 490 501 529 577 652 732 735 755 844 846 918 931 949 
4 214 344 489 855 977 996 
181 286 494 729 925 
80 91 162 184 264 274 278 317 335 357 369 467 481 545 546 559 579 582 600 623 655 674 688 774 781 802 967 
3 14 62 81 83 101 111 282 301 375 383 385 429 480 563 626 644 696 699 704 713 716 721 737 748 761 762 839 859 874 927 985 
148 168 179 206 229 263 303 355 374 409 416 436 448 458 463 475 484 601 608 627 690 717 749 752 800 805 904 978 
12 40 63 76 86 95 117 183 200 205 225 235 239 265 284 372 390 441 511 622 635 647 658 701 720 778 834 917 934 938 945 970 
10 38 53 55 71 127 129 209 231 237 240 258 307 401 414 450 454 474 488 493 502 512 558 709 754 825 881 941 
26 43 48 339 549 551 902 
156 744 986 
78 187 726 841 961 
74 102 105 113 146 199 233 276 279 292 315 327 331 333 334 340 471 472 477 521 534 536 542 561 571 581 587 659 725 773 820 851 858 926 972 987 
2 20 52 97 126 136 155 159 175 201 223 295 337 353 373 400 405 422 442 479 520 584 639 665 668 693 712 753 760 765 790 831 893 921 
29 30 124 158 174 193 234 272 281 304 308 309 345 365 430 440 492 531 557 629 642 643 667 672 698 706 730 763 787 788 792 809 864 888 914 944 958 962 
120 191 319 399 468 530 649 684 694 700 772 848 897 1000 
36 54 147 169 256 267 277 341 364 473 522 537 617 650 715 718 727 733 832 840 845 856 940 
44 47 65 68 77 82 88 133 150 178 202 270 293 346 348 358 426 455 460 496 516 532 533 548 613 631 676 683 692 741 747 776 795 827 833 847 890 971 
167 438 612 852 
57 94 108 130 182 192 275 311 321 380 382 396 407 466 470 526 543 562 574 660 681 750 771 785 801 871 876 906 993 
90 92 144 163 285 296 387 503 509 580 630 697 708 714 811 869 935 943 969 
69 79 242 262 302 378 528 553 593 654 766 799 812 905 951 968 994 
22 58 107 194 245 445 777 782 817 947 979 
17 19 33 198 252 260 349 393 418 432 452 456 594 745 784 815 821 884 
42 45 98 103 132 190 212 291 610 826 853 
41 170 261 273 392 402 411 560 586 779 822 866 883 939 946 960 974 
60 137 196 210 218 297 305 330 391 415 420 459 517 523 524 555 588 607 656 738 780 783 823 835 838 878 909 956 
84 100 106 112 138 142 145 152 228 246 249 255 360 507 544 570 585 619 624 634 691 731 742 768 814 867 981 998 
15 24 93 139 161 236 266 269 384 457 572 723 736 759 769 808 880 912 
89 114 149 211 217 247 283 288 312 332 495 498 500 515 595 625 657 671 695 746 813 850 885 898 953 976 989 999 
32 75 87 116 123 128 141 157 177 259 294 298 316 328 361 377 461 478 483 547 554 556 575 576 591 680 842 923 937 
160 165 203 215 238 241 322 386 404 412 449 505 518 539 540 541 566 567 568 578 605 614 620 628 638 653 666 724 734 793 798 803 829 865 872 991 
18 34 39 73 151 166 310 368 435 469 679 687 689 722 816 824 873 903 982 983 997 
9 25 121 180 186 219 222 251 289 329 343 363 381 388 394 413 424 431 446 464 487 535 611 675 764 806 807 819 843 854 887 901 916 942 
37 46 72 325 351 366 406 770 786 
16 67 122 125 143 176 221 227 244 248 313 323 347 389 408 444 451 465 485 491 506 527 552 590 598 609 640 661 711 751 791 889 913 928 930 933 954 955 
8 172 499 603 707 710 743 879 886 894 932 965 
216 354 550 
13 367 508 705 767 860 862 875 963 
453 662 818 892 964 
85 134 188 207 213 254 268 287 306 314 324 356 410 427 434 519 565 583 592 633 636 646 651 669 670 673 677 678 757 775 797 849 861 910 911 984 
6 51 66 110 208 250 379 395 462 476 618 632 641 702 739 758 796 804 828 868 877 895 900 907 920 922 929 975 988 
