18024.59
7 42 57 65 109 121 174 220 303 387 476 486 533 656 674 716 766 851 867 897 967 983 997 
461 550 731 
169 318 336 563 578 655 684 737 822 837 904 927 973 978 
39 53 154 163 219 232 239 282 316 319 323 324 353 456 505 515 520 554 564 570 575 604 661 740 940 
81 112 135 141 148 175 187 204 268 296 320 322 363 381 426 440 464 465 494 535 557 566 616 630 643 675 693 734 772 785 794 868 914 933 966 990 993 
48 60 97 128 147 161 182 200 202 230 243 248 308 312 313 341 392 435 447 469 473 529 534 536 548 565 597 605 609 621 682 711 712 717 746 763 784 813 820 830 835 843 877 917 955 968 971 986 992 
22 38 88 167 186 221 315 365 423 594 806 819 850 
9 31 49 71 85 98 127 140 184 235 238 241 264 301 302 321 369 386 391 467 470 516 538 555 576 600 602 634 681 683 689 706 730 755 757 824 840 861 893 894 931 932 
133 424 527 618 906 929 951 987 
30 69 96 226 344 421 496 612 645 793 815 855 919 
77 201 253 278 291 292 314 351 384 408 478 499 553 560 759 790 860 928 961 980 
34 145 198 297 547 699 
29 61 120 214 237 255 295 348 366 376 444 483 635 719 722 773 797 852 869 896 942 944 947 952 977 
14 24 33 43 47 87 146 153 215 289 299 327 340 393 410 420 428 453 458 491 513 545 582 619 626 673 708 803 811 846 887 891 899 900 
273 286 330 498 500 546 591 599 625 685 781 791 802 874 937 
12 66 132 157 181 190 197 217 227 279 338 356 358 370 374 417 430 514 540 542 649 839 853 925 988 
16 17 155 188 199 275 446 521 677 742 744 844 995 
225 290 334 670 807 938 
13 78 115 203 380 558 596 640 
95 361 583 676 710 723 
79 192 240 305 343 367 368 449 459 484 490 517 592 593 606 633 665 707 753 804 849 862 941 
8 93 130 138 210 362 379 383 474 489 497 524 603 614 644 653 688 697 726 792 796 818 825 827 871 
4 11 50 59 76 108 129 168 189 195 212 236 265 306 325 326 347 406 450 531 537 544 574 590 631 641 642 647 651 659 725 748 770 789 909 
25 73 84 113 170 191 213 223 250 252 269 270 300 311 339 359 375 385 454 455 462 508 525 629 666 671 696 701 702 721 754 762 765 828 829 921 922 946 969 976 984 994 
5 56 68 75 114 122 193 206 247 287 373 382 397 443 528 579 709 728 767 800 857 858 876 882 974 
19 139 158 171 256 414 471 680 724 798 816 
10 86 89 92 101 179 260 309 390 401 506 567 638 691 704 729 761 812 910 989 
54 63 64 106 116 149 164 172 211 216 224 231 249 288 332 400 405 437 463 480 481 530 568 598 617 632 663 715 720 783 834 842 913 915 930 982 999 
74 196 407 589 735 958 
690 732 823 
117 166 244 259 276 307 333 342 360 378 411 418 434 493 595 636 687 786 821 863 866 872 881 902 936 
90 103 245 293 331 355 371 416 436 492 502 541 584 585 650 695 727 750 817 883 889 918 991 
118 136 577 660 901 954 
15 28 126 404 510 613 975 
72 119 134 137 176 266 271 304 345 389 409 425 427 432 445 607 608 764 
144 280 349 442 501 611 648 672 686 698 808 836 845 885 920 
2 55 94 99 100 107 205 257 261 272 396 403 429 457 460 475 479 488 495 512 532 539 551 571 587 620 622 639 662 694 703 745 747 768 777 795 810 833 841 873 884 923 953 957 
234 412 433 522 718 756 780 996 
18 36 123 124 131 150 156 159 185 229 254 284 310 328 350 352 395 398 422 441 472 482 556 562 569 615 624 646 658 705 713 739 751 775 779 782 787 799 826 838 875 878 948 985 
102 251 413 452 549 588 736 741 743 865 934 949 972 
35 111 242 246 263 419 509 511 664 667 668 880 963 
26 80 83 160 402 415 485 523 552 654 678 692 776 888 895 905 916 950 
40 41 70 82 142 173 317 346 357 451 466 526 657 733 801 805 908 924 998 1000 
62 162 165 267 573 771 788 832 
23 27 32 46 104 110 177 178 277 283 335 438 439 561 610 628 752 847 935 945 956 960 981 
52 58 125 143 152 228 274 337 372 388 504 518 669 769 890 903 911 926 939 964 
6 21 37 44 67 105 151 183 194 208 222 294 364 377 394 399 431 468 477 487 572 601 623 627 637 652 700 714 738 758 760 774 778 809 870 879 886 892 912 959 962 970 
298 814 979 
1 3 20 258 281 329 354 448 580 831 854 856 907 943 965 
45 51 91 180 207 209 218 233 262 285 503 507 519 543 559 581 586 679 749 848 859 864 898 
