32602.11
3 17 24 45 54 77 123 125 126 129 131 132 146 173 186 195 197 198 238 240 253 256 268 292 303 315 316 317 330 343 376 377 407 434 441 442 444 463 465 476 490 524 541 546 556 565 570 580 589 594 596 634 639 642 643 650 660 671 698 750 754 759 774 775 784 787 794 
20 64 85 87 135 168 241 300 305 306 339 354 369 370 397 440 500 529 531 590 620 622 657 659 684 690 691 694 739 740 764 768 779 796 
11 30 53 55 58 86 88 100 103 113 115 124 128 145 152 157 159 182 196 215 235 237 248 254 257 258 269 274 279 299 302 314 344 358 360 401 402 410 411 417 423 451 452 464 475 508 525 532 537 538 552 553 563 581 583 591 629 633 644 648 649 666 688 708 710 713 714 731 734 741 743 747 786 
13 14 23 26 32 48 51 56 67 71 78 90 106 144 147 162 192 194 201 202 243 245 251 266 284 286 288 290 297 312 351 353 371 381 387 399 406 409 421 422 435 436 467 479 492 503 506 514 518 548 555 557 562 572 578 584 585 592 621 636 653 667 692 699 700 702 705 715 723 742 748 753 778 
33 65 107 122 350 365 394 405 412 414 420 454 477 519 536 551 686 752 769 789 792 
27 29 36 39 44 46 50 61 62 92 93 104 133 136 161 181 222 231 250 260 262 304 313 320 324 326 372 375 388 392 398 403 424 427 432 437 450 458 459 462 468 470 474 478 487 515 517 528 547 582 587 595 614 625 637 640 641 655 661 674 682 701 709 728 751 763 782 
21 37 84 95 167 178 190 193 242 244 267 278 281 289 311 341 357 390 486 494 504 576 605 627 632 651 652 665 670 679 712 732 746 767 
151 348 473 502 516 579 598 603 638 
9 15 18 52 60 69 73 74 112 127 155 158 171 175 206 224 229 246 249 264 265 271 287 322 334 352 355 361 362 363 374 438 447 455 456 460 469 471 520 521 522 535 539 586 599 624 630 635 669 683 696 697 703 718 720 738 744 757 758 776 795 
47 75 94 105 169 184 209 239 252 308 340 367 384 386 413 439 445 480 505 507 509 526 544 545 680 689 766 788 
5 16 28 34 38 72 81 82 98 139 141 142 164 165 166 172 176 185 188 228 247 261 275 285 293 294 296 318 328 333 364 418 431 488 511 534 568 575 608 612 613 646 647 654 658 717 727 773 
42 76 111 138 149 154 160 180 200 220 230 234 295 321 327 368 380 382 383 429 449 457 461 498 604 664 676 777 
63 99 109 134 170 203 208 210 212 213 219 232 255 263 273 276 291 342 356 396 448 453 482 483 485 491 501 527 540 571 597 602 609 617 618 645 656 672 726 755 771 
1 4 10 12 19 31 40 41 43 59 66 70 79 83 91 96 97 108 110 114 116 119 120 140 143 148 150 156 163 174 179 183 189 191 199 205 207 211 214 218 221 223 226 227 259 270 280 283 298 307 323 325 335 337 338 346 349 366 373 379 385 389 391 415 419 425 430 433 443 446 466 472 489 495 496 497 513 533 543 549 550 554 558 561 564 566 567 574 577 593 606 610 611 615 619 623 626 628 631 662 663 673 677 678 681 687 693 707 721 724 730 735 737 745 761 772 781 790 791 
2 6 7 8 22 25 35 49 57 68 80 89 101 102 117 118 121 130 137 153 177 187 204 216 217 225 233 236 272 277 282 301 309 310 319 329 331 332 336 345 347 359 378 393 395 400 404 408 416 426 428 481 484 493 499 510 512 523 530 542 559 560 569 573 588 600 601 607 616 668 675 685 695 704 706 711 716 719 722 725 729 733 736 749 756 760 762 765 770 780 783 785 793 
