9737.95
32 215 271 341 416 432 641 713 957 
81 258 314 451 584 762 
76 381 475 488 
26 212 354 388 407 582 771 965 997 
1 38 53 58 101 327 523 594 601 604 880 948 
72 116 144 233 373 461 471 520 645 758 949 
118 176 206 456 513 868 994 
185 204 288 302 469 474 568 631 657 
27 40 268 358 439 459 628 728 820 
79 192 247 355 411 585 837 899 929 
149 151 239 306 351 468 578 617 787 803 964 
7 137 280 427 553 841 
264 274 366 486 517 710 
59 168 500 566 577 785 
337 353 936 
75 104 248 256 334 441 507 545 817 887 970 
21 278 330 506 557 699 
213 308 321 435 555 927 963 985 
115 638 
193 210 502 527 793 
18 19 42 112 169 177 197 211 263 305 367 372 379 389 429 446 447 518 522 540 588 626 652 705 723 733 779 789 823 835 842 867 898 902 977 1000 
2 110 174 175 182 190 494 541 544 567 746 807 869 895 942 
270 281 284 426 516 945 
10 30 87 92 103 143 157 178 198 201 392 400 438 448 528 538 569 587 605 616 674 684 690 726 729 770 776 795 797 857 859 918 924 
22 67 113 135 228 292 359 382 409 463 521 592 635 698 721 768 818 939 958 995 
47 189 363 532 543 923 
6 23 109 188 230 234 244 272 335 386 387 512 550 559 561 644 679 700 711 790 816 876 894 907 969 973 
44 63 140 152 227 293 295 483 498 505 539 624 706 800 863 893 962 996 
94 107 183 304 316 348 464 511 658 659 764 809 982 
62 122 187 196 360 431 495 546 549 570 597 610 646 739 856 984 999 
13 74 84 99 136 158 167 202 225 231 339 364 390 423 428 490 508 574 579 615 640 672 685 736 738 767 778 784 791 844 851 980 986 
3 8 111 125 132 138 153 222 229 241 255 299 376 385 472 479 503 548 563 571 583 701 708 722 725 730 759 825 849 877 903 904 919 922 935 971 
11 12 120 133 161 165 235 245 246 290 310 315 331 362 449 452 457 554 576 586 607 661 675 704 715 719 780 812 827 879 882 934 950 
29 34 93 127 134 139 142 200 221 345 405 420 445 465 478 536 556 565 606 623 654 712 755 802 814 847 848 872 889 998 
5 15 43 45 56 60 89 219 232 252 273 340 404 415 470 537 600 602 622 666 671 735 742 861 891 913 921 931 933 937 983 
78 90 126 128 146 171 208 217 289 301 307 342 361 410 425 436 489 525 535 589 613 740 813 819 821 852 853 884 885 896 909 911 952 967 
16 48 108 117 160 163 180 191 267 285 313 374 443 496 504 509 591 598 632 667 670 732 737 752 756 794 826 873 928 940 947 960 979 
33 71 73 159 186 205 238 282 291 311 329 344 394 406 419 437 453 499 529 593 620 621 643 662 665 676 702 709 765 792 810 843 864 883 888 989 
25 28 41 55 82 86 88 100 129 303 343 380 393 430 434 460 466 533 648 663 669 681 694 695 718 754 760 828 850 854 865 897 953 955 
68 106 164 173 203 237 298 312 320 322 336 395 401 413 476 497 551 581 619 637 642 650 664 687 749 811 830 836 858 908 912 
4 37 57 85 96 179 297 324 325 352 357 402 458 481 547 572 590 608 611 612 655 727 743 808 860 901 905 906 941 
39 69 130 166 181 207 218 226 266 323 356 369 384 417 422 440 484 531 560 636 673 714 731 753 782 786 881 886 932 990 993 
77 105 119 155 156 162 194 240 242 251 309 319 326 378 467 514 526 552 599 603 688 696 707 734 772 805 806 846 862 870 900 959 966 974 
9 49 50 61 70 91 102 243 249 257 287 333 338 349 396 408 412 442 450 573 633 680 686 774 796 798 801 831 845 866 875 914 938 951 975 988 
64 98 209 224 259 276 279 318 350 371 383 414 444 477 480 493 530 575 625 660 689 741 757 763 777 815 832 915 926 976 981 
46 52 54 123 147 148 170 216 220 261 283 286 294 403 454 491 501 562 596 630 677 683 691 697 761 822 829 834 839 916 917 930 944 
14 24 36 83 97 114 124 172 195 236 260 332 365 368 375 424 462 482 519 534 614 653 682 717 720 747 751 766 769 781 833 838 925 968 972 987 
35 80 121 131 141 150 214 262 265 328 377 391 398 399 473 485 487 510 564 618 634 678 693 745 773 775 783 804 824 855 874 878 946 954 992 
17 20 31 65 145 199 223 253 254 275 277 397 433 455 492 515 580 595 627 629 647 649 656 668 692 703 748 788 840 910 956 
51 66 95 154 184 250 269 296 300 317 346 347 370 418 421 524 542 558 609 639 651 716 724 744 750 799 871 890 892 920 943 961 978 991 
