6277.60
82 134 157 232 307 331 388 433 479 538 541 568 587 614 628 632 
48 66 100 123 132 154 258 358 583 585 
26 31 110 202 204 230 293 305 379 381 449 459 462 500 554 600 
13 25 49 63 105 140 159 161 193 217 296 341 346 352 362 407 436 443 461 484 494 593 595 634 637 657 
24 52 60 143 176 191 267 337 363 372 412 418 439 481 483 550 610 
46 195 274 330 426 472 590 
86 183 207 219 228 242 284 355 522 580 589 
9 10 43 59 90 99 112 128 175 215 220 270 309 344 364 376 377 421 512 516 547 556 652 659 
14 57 103 126 150 227 281 288 301 333 414 415 440 446 453 457 471 482 492 527 604 612 619 663 
29 91 115 197 198 247 347 357 387 394 425 506 521 552 577 625 645 
15 168 213 468 485 489 493 581 
111 155 190 229 233 313 316 563 
4 45 53 67 102 170 178 206 261 279 306 342 348 370 444 456 469 488 507 526 529 609 639 
1 2 34 35 38 39 73 79 97 124 146 147 149 163 164 174 245 256 259 260 282 294 328 340 404 406 428 437 466 480 567 584 602 605 626 643 644 
75 121 130 139 167 184 214 248 317 339 343 391 470 540 
18 23 104 119 120 226 265 278 280 290 311 324 325 345 360 361 373 374 380 397 398 458 464 473 524 533 545 572 586 597 608 618 633 642 646 648 665 
3 33 58 81 160 165 169 209 218 243 275 401 487 523 532 575 624 
32 71 185 216 368 463 542 594 
42 47 51 55 122 177 186 192 201 221 235 269 283 315 336 395 419 460 517 528 573 574 582 611 650 658 660 662 
21 28 93 145 181 223 238 244 354 359 369 410 420 448 486 505 564 601 647 
7 30 44 56 83 94 179 187 199 210 240 249 255 257 286 287 300 323 327 334 389 400 409 474 490 525 531 536 549 560 561 579 599 613 615 640 654 
61 62 113 136 151 158 189 200 205 237 297 312 321 322 338 371 441 491 565 603 627 
224 303 319 353 510 539 
27 54 396 520 607 616 630 
19 37 127 141 142 166 180 212 262 272 289 291 304 349 366 452 477 495 553 569 635 638 641 655 
6 20 50 92 114 133 173 196 231 252 276 285 292 295 299 310 320 326 351 386 390 416 451 501 503 509 519 530 535 555 566 571 576 598 606 651 666 
11 12 65 70 116 118 125 135 138 148 156 171 172 250 251 264 298 302 314 375 378 382 399 417 424 435 476 496 498 508 534 537 548 558 596 621 664 
74 76 78 80 129 236 263 271 277 335 403 405 423 427 434 447 475 478 499 546 557 559 623 629 
96 98 106 117 194 367 392 430 465 
40 87 101 107 234 402 591 620 636 649 
36 72 77 84 85 88 131 144 153 203 222 225 253 266 273 393 408 429 432 438 442 445 454 467 502 511 513 514 518 544 588 592 617 
5 8 22 41 64 89 162 188 208 239 241 246 329 332 350 356 365 383 384 385 411 413 431 450 543 562 570 622 631 653 656 
16 17 68 69 95 108 109 137 152 182 211 254 268 308 318 422 455 497 504 515 551 578 661 
