14805.00
14 40 44 68 108 112 118 133 228 234 239 270 287 307 309 311 323 344 358 377 392 415 492 498 516 636 664 669 766 787 973 994 
8 10 26 125 157 159 201 215 220 236 243 244 250 254 281 283 284 301 350 412 414 449 471 508 548 585 683 701 734 746 793 800 821 838 852 865 872 875 878 946 961 966 986 988 
16 66 117 129 136 153 167 207 238 247 304 368 400 403 440 496 506 528 568 592 618 831 855 882 
13 34 46 143 329 333 342 347 401 443 467 509 555 598 674 696 698 761 836 859 891 903 957 958 
4 48 53 60 83 96 124 127 134 151 188 230 255 257 269 272 321 330 369 402 433 435 480 519 520 552 564 591 595 625 629 645 650 657 663 702 708 722 723 748 781 804 873 874 879 902 918 931 968 
54 69 76 90 91 152 180 231 249 285 293 313 352 359 365 376 490 499 535 549 550 589 616 647 676 678 810 823 860 862 870 929 937 963 971 
27 28 42 64 189 222 229 259 335 336 366 437 441 454 517 534 538 574 605 634 658 694 709 763 819 834 851 900 969 
19 31 58 75 121 160 182 185 218 223 264 274 306 332 419 420 460 463 487 501 570 600 619 638 660 812 924 942 965 
23 98 123 166 177 291 360 374 390 393 408 429 477 514 532 537 543 615 639 651 671 725 741 783 799 806 947 962 970 
29 57 70 119 126 158 161 169 248 279 300 331 346 426 468 588 621 705 716 788 840 890 949 985 
45 51 74 113 144 155 170 174 225 258 263 280 343 452 458 464 483 495 524 546 575 582 594 609 613 643 699 779 827 849 858 995 
24 77 80 130 154 209 211 271 296 387 411 431 434 500 518 540 596 631 697 732 768 777 894 906 915 938 983 
92 93 131 164 240 326 373 405 407 488 526 554 612 786 910 932 952 987 
88 89 104 109 115 186 193 224 251 256 312 327 364 382 447 475 479 489 602 608 652 754 818 826 830 867 871 912 914 917 951 981 
17 49 132 156 165 176 190 286 294 339 545 563 583 640 672 679 689 719 742 743 755 765 773 822 853 869 933 
12 72 163 217 292 328 355 389 397 438 446 551 727 735 758 864 881 889 941 953 959 
73 111 184 232 266 370 380 410 432 448 450 473 485 531 614 632 675 693 731 733 737 759 760 807 844 926 945 
18 59 99 122 203 318 354 357 372 388 416 455 481 484 504 542 597 603 607 665 667 707 713 751 774 778 845 848 866 898 977 984 
5 237 241 295 399 567 590 662 666 757 795 916 
3 21 86 87 142 245 262 275 299 302 324 444 513 521 544 561 566 642 644 646 649 681 728 753 780 847 857 876 909 913 921 930 934 964 975 
39 81 103 146 197 317 320 367 381 384 386 413 478 522 565 573 577 584 593 624 661 739 756 769 824 825 837 868 908 919 927 954 
7 137 138 149 150 168 191 202 206 260 421 462 622 668 691 700 726 730 762 790 798 850 863 901 
9 22 52 56 82 95 196 205 289 305 341 349 363 398 406 457 491 502 530 581 655 670 673 715 776 808 817 835 839 
85 227 273 351 378 417 439 465 472 476 493 620 630 648 813 935 936 996 
32 36 38 79 107 175 208 214 252 298 315 325 348 385 474 482 494 539 541 553 556 560 571 576 586 610 637 654 680 682 695 703 721 764 885 896 948 974 
15 139 187 606 775 
33 37 41 43 62 148 210 221 277 371 394 427 453 459 507 523 724 736 770 785 884 960 967 992 
25 97 172 310 334 340 395 418 423 469 547 587 687 767 784 794 899 955 
2 65 110 120 141 145 173 178 195 219 226 297 375 391 409 425 430 466 505 578 579 580 627 628 684 717 744 809 811 854 861 895 897 928 976 
11 30 55 67 102 171 213 276 290 383 436 445 461 470 601 641 656 710 747 841 907 911 920 944 978 980 982 
78 106 181 183 200 204 235 242 265 278 282 288 303 314 316 319 337 424 486 510 525 527 536 572 604 626 686 688 712 714 718 720 814 815 832 842 892 893 925 990 997 
20 101 128 162 562 789 801 904 991 
6 100 116 194 198 199 345 356 512 533 559 599 635 690 749 752 772 782 791 796 803 856 940 972 
47 50 63 212 253 261 353 451 558 653 729 846 883 887 922 
71 84 105 140 216 233 246 267 268 362 404 422 428 442 497 511 515 569 617 623 633 677 685 704 740 745 802 805 828 843 888 905 939 943 950 956 989 993 
1 35 61 94 114 135 147 179 192 308 322 338 361 379 396 456 503 529 557 611 659 692 706 711 738 750 771 792 797 816 820 829 833 877 880 886 923 979 
