11220.21
75 138 208 231 284 383 409 446 493 540 608 621 779 846 861 875 
13 43 99 101 168 215 230 324 333 415 472 503 513 531 616 671 677 700 731 755 785 787 789 817 829 844 
17 36 60 64 87 161 166 172 199 236 315 321 384 399 419 471 499 535 556 563 585 650 687 697 797 812 819 835 867 
52 291 317 592 811 814 825 
5 6 46 62 84 104 147 162 163 201 202 269 272 278 326 349 352 361 370 411 430 450 508 543 544 605 624 636 639 660 666 732 765 767 768 773 860 864 869 
15 65 69 76 122 209 235 259 261 310 319 325 343 416 422 423 425 462 492 523 545 564 569 613 620 638 644 648 705 725 774 809 891 
14 22 214 227 280 304 467 509 594 597 609 635 658 670 824 870 
31 53 79 100 131 135 174 190 200 203 211 234 244 323 380 392 393 410 424 477 481 575 589 591 734 743 795 800 822 859 885 
148 257 271 282 329 341 387 473 487 514 524 565 612 646 707 712 715 739 751 775 777 
20 142 301 305 342 441 529 623 709 831 853 
2 23 30 49 193 205 218 252 262 274 328 346 375 379 391 398 438 557 678 695 708 720 722 815 
29 102 103 107 125 127 176 178 194 228 251 314 332 354 376 386 414 474 476 504 534 704 783 840 850 857 
397 533 778 
58 95 115 137 179 229 381 437 602 733 754 756 
59 93 120 264 299 451 525 558 561 570 702 729 847 878 
18 39 54 112 114 129 134 154 183 247 288 313 347 358 396 403 406 454 560 586 588 614 642 661 680 681 701 726 786 848 858 
37 82 85 105 149 182 213 263 277 306 311 336 359 452 549 607 679 740 748 826 827 836 868 
35 41 45 56 66 86 113 145 171 224 241 281 300 320 372 374 382 404 421 449 464 470 478 479 488 501 512 542 551 587 603 617 659 668 673 689 744 816 876 
26 33 61 67 77 94 98 123 126 133 245 285 297 350 356 385 439 505 568 581 590 769 803 808 818 833 841 856 887 
7 48 83 117 155 225 243 276 286 295 334 417 444 447 463 468 491 518 519 527 610 631 665 692 752 790 855 877 882 
19 40 74 80 221 246 255 268 296 338 339 340 351 355 360 371 405 427 475 497 507 541 566 574 595 622 637 651 652 655 674 693 713 753 793 799 837 838 852 879 886 
3 157 283 302 318 322 362 456 578 582 723 772 776 889 
10 38 57 71 88 164 197 232 238 330 378 402 461 465 500 502 521 553 580 596 604 618 653 690 721 863 871 873 
12 28 132 180 189 210 312 327 368 429 435 460 571 593 611 628 845 884 888 
81 109 110 118 151 159 169 181 196 292 308 345 366 394 428 434 458 459 517 536 550 615 662 736 770 805 806 
4 16 72 119 141 165 175 216 222 223 226 401 420 433 443 546 548 555 559 630 656 675 676 682 688 714 716 766 780 796 807 
146 153 158 170 186 212 248 250 258 267 348 412 432 442 445 448 469 515 641 654 664 703 718 757 763 788 801 820 821 823 830 832 839 872 881 
25 47 92 309 364 408 453 510 516 554 576 584 667 698 760 851 
9 34 116 124 140 156 173 177 206 233 239 279 289 290 303 331 357 363 377 480 482 484 486 494 495 539 577 625 626 634 640 727 750 792 862 
32 44 68 91 96 121 136 152 219 237 240 395 400 483 489 511 601 632 633 643 645 663 699 706 724 746 747 843 865 866 874 
42 63 73 97 139 150 204 207 220 256 273 307 335 337 353 367 369 466 498 506 520 522 537 579 685 696 737 791 794 813 883 
8 24 27 70 78 90 108 128 143 242 253 254 260 275 293 390 413 440 485 538 562 583 599 600 606 710 711 719 741 745 761 842 890 
1 55 106 111 130 144 184 187 198 265 266 270 316 389 431 457 526 547 567 572 598 647 649 684 694 717 730 759 762 771 784 849 
21 51 185 192 195 249 294 298 344 388 407 418 426 436 455 490 528 552 573 627 629 657 672 686 728 735 742 764 781 798 810 854 880 
167 217 287 365 373 496 619 
11 50 89 160 188 191 530 532 669 683 691 738 749 758 782 802 804 828 834 
