10002.82
205 235 287 317 477 509 620 634 706 711 808 880 885 945 973 
313 419 597 829 
371 423 674 
46 52 154 188 201 262 278 390 417 418 443 474 480 533 552 788 800 818 832 836 986 
241 248 361 387 422 513 558 562 609 794 823 837 851 872 971 
5 172 541 559 835 957 
51 227 319 482 590 675 997 
30 226 398 447 587 843 
12 151 169 291 618 749 
8 127 128 140 196 197 214 250 327 340 434 454 465 508 535 546 586 591 606 611 752 796 867 920 968 
26 59 124 170 175 204 240 288 309 323 341 354 372 409 440 458 489 510 511 521 531 555 569 571 600 603 641 646 683 687 692 708 723 727 730 782 786 799 853 860 903 913 941 942 976 
22 217 689 694 736 816 898 970 
11 69 79 86 95 126 187 210 263 305 334 428 435 461 501 503 576 770 783 865 892 961 975 
82 97 397 406 433 457 515 849 924 983 
50 94 99 178 215 266 279 296 311 322 344 357 473 539 686 691 753 791 797 886 950 958 992 
23 87 102 161 280 284 366 426 638 666 735 858 966 
25 44 85 404 470 593 652 705 741 869 
45 144 167 276 364 444 446 450 697 720 746 765 772 778 895 
1 6 14 15 38 65 133 164 200 208 251 265 295 307 320 365 396 399 421 463 467 502 506 544 592 604 608 661 685 704 718 756 758 761 780 839 896 962 993 994 
21 109 247 347 369 438 442 494 680 719 742 822 852 875 915 
55 114 162 173 174 202 277 346 353 493 500 516 522 645 714 729 785 815 978 
42 92 101 132 142 165 185 236 239 245 292 294 298 308 328 332 377 478 560 568 672 677 724 763 767 790 792 805 820 838 845 846 871 932 936 944 
16 33 110 117 121 131 177 181 212 229 252 303 337 416 456 460 466 488 504 514 547 561 617 631 640 642 682 748 757 766 870 900 911 928 929 948 964 989 
39 64 120 129 146 238 254 261 273 345 394 415 518 525 582 624 664 690 699 812 963 
31 63 67 108 135 147 186 199 218 275 321 408 431 437 449 451 469 476 517 528 534 565 573 577 644 656 657 668 738 819 824 854 855 882 888 894 
57 71 255 310 316 375 395 579 774 793 901 965 982 
98 145 230 285 342 348 424 453 486 540 564 578 637 643 671 678 700 754 769 784 826 884 912 980 991 
20 56 66 70 93 96 111 115 134 149 159 190 220 256 271 436 439 475 499 507 537 580 581 583 596 619 622 629 679 688 713 728 732 795 809 861 933 979 
13 105 234 268 351 491 953 
43 116 189 228 299 389 413 484 864 907 
34 72 81 122 216 243 483 566 602 658 665 698 755 762 773 779 806 
821 897 909 
10 40 48 73 104 119 258 329 331 427 445 487 492 526 532 538 588 610 625 628 647 650 653 670 716 721 725 775 781 804 813 919 977 987 990 1000 
28 49 76 213 373 530 545 570 584 632 866 985 
62 89 136 138 152 180 206 221 222 223 253 282 289 297 302 350 360 367 374 386 429 471 495 543 548 567 574 635 651 695 703 712 731 776 798 817 840 844 859 873 878 890 906 910 969 974 
148 155 156 158 191 244 283 304 370 441 448 527 542 549 607 710 722 828 831 863 889 917 960 
4 17 27 74 83 141 207 224 281 314 400 414 420 430 468 520 553 709 747 847 850 862 879 891 904 922 923 939 956 995 
176 326 519 750 981 
60 68 84 90 100 125 184 193 195 274 325 359 378 405 496 497 512 717 825 899 930 931 972 
118 163 290 318 385 425 452 464 472 585 612 626 814 943 946 947 988 
225 455 557 
2 9 36 53 58 91 123 150 157 194 209 211 233 257 330 336 358 368 376 382 402 412 627 696 701 734 787 803 857 874 902 905 935 937 
47 78 192 312 339 352 363 388 391 410 459 621 673 908 999 
18 29 41 80 88 160 171 182 231 264 362 381 384 401 411 462 479 498 524 536 556 572 599 613 633 648 654 662 715 726 745 760 764 887 916 925 927 954 955 984 
19 24 137 143 203 249 293 343 355 379 432 485 490 505 551 575 589 594 601 605 639 655 659 660 676 693 702 768 771 777 801 827 841 877 881 934 967 998 
130 179 198 269 270 272 286 301 335 356 616 684 707 744 810 811 914 918 940 952 996 
3 7 32 54 61 75 103 106 107 153 168 183 242 246 260 267 300 383 393 403 529 554 595 598 614 623 636 649 663 667 681 733 737 739 743 751 759 789 833 848 893 926 938 949 951 
35 112 232 237 324 630 807 842 876 921 
37 113 139 166 259 306 315 333 338 349 392 407 550 615 740 802 830 834 856 883 959 
77 219 380 481 523 563 669 868 
