11143.00
54 103 104 144 157 166 179 254 262 383 403 446 499 506 526 556 659 695 776 832 876 878 909 935 993
21 34 170 220 340 348 409 516 594 637 648 736 738 812 840 974
23 45 69 145 226 297 329 470 504 534 605 621 655 712 760 764 771 803 836 903 979
32 97 107 121 131 215 321 402 411 502 540 601 624 653 715 737 779 866 922 968 986
8 44 72 282 309 334 476 518 576 616 625 662 700 755 762 766 789 857 913 980 991
138 180 197 278 401 459 510 561 641 679 837 915
73 243 284 363 410 426 490 577 604 639 668 733 752 786 809 845 904 952 995
17 93 240 295 369 419 444 498 582 611 627 689 746 763 785 820 888 911 964
95 140 216 469 480 598 681 883 916
42 117 199 250 378 831
80 133 235 299 368 429 437 487 585 610 631 686 757 796 821 859 910 937 998
12 100 188 270 387 423 612 632 666 778 817 869 918 946
20 25 40 65 125 132 153 167 228 259 325 336 416 461 563 567 606 654 727 759 825 842 894 929 949 981
37 63 90 128 141 203 280 304 418 511 570 589 623 647 722 728 741 805 863 914 967
26 66 190 251 310 312 471 488 572 591 628 658 696 749 790 838 855 956
22 39 82 156 206 233 279 300 319 355 379 396 415 439 482 514 557 584 651 673 708 769 800 824 893 923 939 971
10 89 105 151 174 192 214 242 289 316 317 388 395 404 442 450 494 527 573 592 671 691 719 780 826 861 886 942 948 966
2 99 118 123 164 194 207 267 275 343 434 445 483 545 559 622 690 706 732 823 849 873 959
24 33 70 158 237 261 286 322 366 385 431 441 495 515 554 574 580 661 705 725 772 798 816 846 928 940 972 992
11 88 142 159 163 186 239 256 375 433 474 497 500 542 550 650 680 726 777 834 875 882 927 938 989
14 35 85 111 229 290 358 547 701 768 791
30 31 83 119 274 301 320 344 346 466 522 535 593 629 694 714 767 782 889 912 975
29 50 160 196 272 350 456 485 523 531 587 620 740 742 810 896
102 110 112 147 172 191 201 236 276 298 313 314 391 397 430 447 479 552 571 595 670 692 702 724 794 822 864 880 934 944
19 96 221 380 386 458 602 638 664 819 877 908 950 987
87 109 134 146 162 177 218 249 353 398 440 472 478 501 525 541 644 657 773 811 865 871 920 957 984
28 67 114 154 173 184 202 234 281 296 306 311 392 399 424 451 481 553 578 597 665 672 721 734 781 827 867 870 947 955
9 101 139 152 161 244 258 354 371 422 448 491 521 549 614 645 693 756 830 868 881 925 932 997 1000
51 60 76 150 231 252 287 305 335 357 384 432 449 484 519 548 575 619 652 704 744 788 813 847 919 945 969 988
84 113 126 169 193 209 264 268 352 427 443 477 590 618 636 649 711 735 775 814 848 879 958
52 55 98 122 273 302 341 342 347 473 513 532 599 633 674 717 765 783 887 907 973
185 212
38 64 204 248 253 292 365 413 529 709 770
182 257 308 389 455 503 558 642 677 713 892 982
79 232 283 362 374 452 463 489 608 617 643 683 758 801 828 854 905 943 996
187 198 224 318 400 460 509 566 640 685 843 924
7 15 130 143 238 544 795 884 936
181 263 720 723 960
6 56 81 155 168 195 208 211 227 294 323 328 382 394 406 417 428 493 517 569 583 607 660 675 699 792 807 852 895 930
43 94 106 176 271 326 338 339 414 508 524 609 634 669 718 747 748 784 860 906 990
18 49 59 86 269 324 337 425 512 581 613 635 663 703 729 753 761 787 858 898 983
1 5 13 61 91 92 136 183 210 225 266 291 333 360 373 376 377 407 420 453 537 546 564 600 687 697 804 835 851 874 900 933 962
46 62 137 222 277 307 327 468 507 536 676 917 977
16 41 53 71 124 135 148 165 223 247 330 331 359 465 467 530 555 603 688 739 829 872 891 901 941 985
47 78 115 213 241 372 551 707 774 856 970
3 57 108 178 205 219 260 288 345 351 361 367 390 405 408 438 457 505 533 543 560 596 684 698 751 802 818 850 885 899 931 961 976
77 230 285 364 435 436 492 528 562 626 682 731 750 806 815 841 921 953 994
48 58 75 127 149 175 217 255 303 332 349 421 462 486 538 565 615 656 754 799 808 839 890 902 951 978
27 74 129 189 246 315 475 496 586 588 630 678 716 743 793 853 897 963
4 36 68 116 120 171 200 245 265 293 356 370 381 393 412 454 464 520 539 568 579 646 667 710 730 745 797 833 844 862 926 954 965 999
