9731.09
72 124 190 218 316 362 376 386 470 486 536 564 630 659 687 720 753 762 778 793 815 831 876 181
62 66 97 143 223 285 353 408 416 510 699 755 959 974 995 688
80 132 184 187 189 340 349 357 457 595 597 621 649 691 740 747 999 235 205 275 675
21 22 25 60 109 159 296 411 484 511 521 568 643 702 772 987 624 947 742 382 796 56
131 198 399 413 528 607 648 680 710 731 88 709 867 83 862 108 27 565 254 925 958
163 212 231 393 478 733 783 788 931 941 972 976
180 229 230 268 272 363 389 417 506 559 570 584 589 617 811 856 930 438 569
41 46 153 176 266 267 312 378 384 498 533 587 632 732 850 899 996 263 77
53 110 330 507 666 682 426 238 437
49 78 222 257 277
73 103 136 144 164 245 274 295 433 537 545 604 656 660 679 739 937 984 251
8 15 48 197 361 392 395 577 652 696 715 620 356 896
7 39 81 167 217 391 394 402 450 519 631 723 841 920 542 161 111 623 429 768 55 302 743 304 669 730 324
36 89 94 158 204 260 313 344 379 443 973 127 532 509 908 247 888 227 239 722 71
137 262 286 407 602 608 642 686 712 769 893 960 894 477 824 622 93
43 84 147 483 492 525 605 667 693 782 807 878 911 994 556 707 447 454 750 501 697 435 327 211 504 40 616 365
32 115 226 406 466 468 500 629 639 674 741 765 787 798 804 820 866 924 948 962 711 315 23 880 784 728 287 269 170 372
1 86 91 121 169 270 320 375 424 606 646 839 843 855 877 882 883 946 738 309 992 280 871
120 157 179 192 232 303 322 338 440 475 531 546 558 592 627 694 790 791 853 906 724 342 70 34 845 347 986 780
4 10 45 59 154 259 331 336 374 474 522 529 543 551 653 737 819 822 944 207 989 290 11 481
106 485 566 583 637 651 654 797 803 817
75 193 201 311 339 419 425 434 460 596 645 670 725 892 901 927 961 832 261 837 2 104
26 113 195 213 281 352 359 420 513 560 588 625 658 729 844 943
18 98 168 172 380 409 458 479 524 594 599 609 641 663 701 714 779 858 875 890 902 945 842 704 661 970 585 668 777 298
14 155 252 367 387 423 582 586 695 812 828 967 990 813
44 140 337 360 476 518 534 579 644 716 802 864 889 923 1000 601 234 288 650 265 381 553 130 441 949
24 166 289 332 355 400 403 414 427 448 456 497 572 636 665 690 735 751 756 833 860 909 916 953 991 279 918 748 203 455
28 63 145 293 294 436 508 540 567 754 767 770 846 861 900 998 575 401 175 562 319 160 863 535 333
82 90 101 142 487 618 734 810 921 950 988 292 578 473 350 977 915 20 938 396 978 156 673 139 979 87 580 171
95 151 174 253 323 430 574 610 611 662 671 706 727 744 799 816 848 854 936 942 388 745 969
42 177 191 224 276 278 326 335 449 472 635 703 834 980 981 341 112 482 801 54 64
527
17 37 50 188 202 351 764 928 785 68
219 369 552 640 752 904 933 951 983 220 299 872
165 214 240 256 328 431 444 480 489 530 549 555 684 726 830 874 898 905 919
107 194 354 377 428 494 538 603 717 719 954 581
16 76 329 390 491 517 647 700 881
249 273 573 628 814
38 52 69 162 221 244 258 264 371 373 451 502 512 557 677 763 774 775 781 792 826 857 891 805 547 913 297 415 823 912
3 35 96 123 128 185 233 282 469 505 590 615 634 910 914 206 759 173 794 301
61 148 178 246 310 383 397 404 548 563 676 795 806 829 873 917 907 503 225 405 141
33 47 99 118 126 129 138 300 446 453 490 678 718 721 885 183 655 571 903 786 851 250 152 19 493 134 922 895 208 868 242 705 852 58
85 105 199 619 681 683 689 776 789 957 968 442
5 6 12 79 237 243 255 306 398 461 488 539 554 598 771 800 897 869 692 67 366 325 757 186 291 345
31 116 284 465 515 591 713 760 836 870 886
74 92 102 146 150 248 368 459 471 495 499 626 633 638 672 758 859 865 932 952 963 971 307 346 939 544 818 997 422 708 358 835 514 182
51 133 209 410 523 613 614 685 749 808 809 821 840 847 955 966 985 993 766 432
9 122 135 149 228 236 241 317 418 445 464 550 612 657 964 975 761 825 348 463 57 561 412 884 982 849 271
100 196 200 210 216 385 467 496 526 541 576 773 934 935 940 119 746 125
29 30 114 117 215 305 308 318 321 334 343 364 370 421 452 462 516 520 600 698 736 838 879 929 956 965 314 13 593 664 827 887 926 283 65 439
