10019.20
780 22 305 2 409 120 838 217 124 283 909 125 411 26 211 429 839 177 691 782 649 811 306 529 842
123 651 930 213 645 27 133 72 14 903 477 500 626 478 69 504
531 223 31 121 423 132 525 901 524 652 661 528 12 135 703 426 85 33 916 898 793
347 543 526 17 654 118 501 491 147 412 417 414 918 646 644 229 698 647 241 289 304
212 179 23 70 215 214 632 699 10 129 559 534 627 138 542 479 436 8 127 220 648
836 36 140 4 222 126 141 185 224 128 219
131 418 502 408 321 221 480 413 420 840 65 303 503 326 1 937 312 145 844 486
9 24 54 310 513 807 16 902 425 837 311 313 942 293 497 67 547 329 853 180
664 544 315 66 186 518 931 424 666
628 164 228 562 527
182 319 154 551 622 704 545 193 428 73 560 322 925 848 76 577 657 150 317
582 729 939 244 712 532 40 908 696 936 487 57 535 790
18 508 130 940 79 865 28 516 656 904 705 536 13 410 15 585 416 564 568 430 231 143 83 187 78 415 658
822 846 631 194 233 623 511 314 290 934 237 225 841 653 62 845 539 20 660 200 906
189 643 655 489 56 781 284 190 71 847 328 197 134 945 198 444 196 431
786 139 309 941 245 706 785 617 205 142 316 816 323 325 932 119 868 335 546 330 21 295 334 450 249 226 857 227
234 667 344 30 946 337 662 45 831 144 87 332 808 11 670 307 826 751 915 155 308 700 318 947 950 331 324 858 668 287
907 541 7 702 815 218 856 61 855 540 5 340 827 338 583 555 345 341 339 563 216 327
671 592 779 346 548 256 512 422 161 153 88 517 355 350 814 41 362 363 672 554 356 262 799 755 715 178 427 29
783 722 442 849 809 162 110 210 181 432 665 175 565 264 905 44 967 114 364 663 93 68 852 207 368
447 201 860 369 650 156 872 636 247 434 357
595 569 968 6 488 49 239 122 152 621 254 358 678 499 203 373 64 580 419 255 342
482 294 493 421 37 390 669 863 265 973 784 75 336 701 86 184
820 163 629 490 552 716 366 991 796 451 933 571 257 817 172 191 549 343 597 392 60 861 935 550 506 864 472 876 843 850
794 854 292 19 954 397 230 553 859 573 576 352 484 285
435 633 530 676 148 374 862 202 975 55 507 659 433 333 101 871 360 51 288 509 351 404 674 919 461
515 538 183 494 825 851 572 533 556 353 74 870 829 406 380 382 437 354 376 581 588 558 375 32 797 349 938 685 367 81
192 875 137 624 258 402 3 34 912 728 361 913 440 958 821 867 109 949 370 195 149 377 730 25
979 253 91 959 787 737 874 169 446 917 232 383 438 980 813 561 371 866 805 77 810 697 379 630 389 236 38 90
485 869 578 598 682 384 819 923 566 481 788 462 400 521 208 966 443 388 971 365 928 681 453
46 89 348 168 275 268 401 385 439 448 510 574 589 638 692 398 801 878 877 927 974
579
165 441 386 881 206 885 59 465 112 387 393
880 987 286 146 267 634 830 159 675 495 983 884
82 391 741 302 403 111 372 683 575 136 943 798 635 976 748 723 394 115 584
910 151 238 52 620 824 603 557 694 291 399 519
951 708 952 269 990 832 994 63 467
948 707 640 883 731
242 686 984 378 103 570 988 160 719 587 455 911 594 209 474 828 888 761 405 407 395 449 944 733 271 166 468 891 747 689
684 259 235 586 969 732 924 710 94 834 724 735 381 920 601 887 199 176 590 989 113
762 972 96 736 252 993 240 740 514 921 483 726 320 157 965 593 764 765 53 890 167
800 955 734 104 721 591 892 492 170 359 35 745 39 746 456 789 452 756 773 250 520 978 960 454 300 43 914 458 961 727 260 459 776 460
760 84 803 953 677 297 812 777 243 641 273 274
596 47 992 767 981 464 926 929 92 889 886 98 738 791 466 742 739 296 599 759 470 105 261 116 895 473 600
673 957 117 108 42 102 606 95 457 246 882
995 688 743 171 792 299 873 802 97 996 280 768 749 956 609 537 469 266 251 396 720 613 806 272 709 998 985 604 445 602 713 754 823
505 769 276 778 770 608 48 693 615 963 818 639 301 714 894 270 833 282 278
717 977 750 612 687 279 605 718 298 610 900 896 471 695 899 158 642 188 725 616 999 625 897 106 174 611
50 753 498 795 744 962 752 879 607 997 986 893 496 680 107 766 80 58
204 173 567 476 100 522 835 758 637 463 757 774 763 475 772 281 964 1000 922 679 771 619 970 804 523 775 711 618 277 690 614 248 982 263 99
