9702.00
974 256 977 125 698 653 157 687 678 794 797 498 212 695 947 777 266 123 998 570 680 984 377 862
799 701 427 220 669 901 131 638 853 618 161 937 968 829 457 112
637 452 135 39 365 585 308 577 588 262 181 252 905 118 721 36 740 571 997 203 424
42 885 650 554 403 101 27 54 546 24 655 389 824 343 828 709 285 636 136 70 207
615 51 420 909 572 222 197 551 282 633 385 890 873 518 532 147 34 621 191 575 35
598 602 473 595 562 505 169 502 619 338 29 170
686 704 642 81 394 77 355 376 723 523 178 354 566 982 839 717 652 215 481
938 939 500 489 158 769 840 270 479 529 663 64 62 113 133 139 528 604 63 292
10 474 959 889 171 694 254 850 168
513 547 188 275 561
628 827 629 801 312 249 121 739 914 141 347 549 2 844 190 326 318 750 184
784 894 464 361 247 785 622 309 305 832 17 582 870 865
534 340 932 603 948 126 183 320 999 466 581 100 648 646 644 558 934 922 491 503 276 713 863 748 387 281
451 908 219 804 334 9 6 956 679 662 671 40 217 32 657 560 979 455 941 624 545
944 140 438 906 381 301 773 319 995 286 664 542 712 449 58 538 337 508
3 924 826 378 780 435 401 484 177 614 728 477 196 205 72 509 380 97 106 786 324 730 165 279 307 746 419
482 362 544 257 375 978 26 690 841 607 431 483 88 910 95 208 778 267 610 812 110 736 258 299 994 444 363 779 467 172
280 98 531 954 297 374 283 605 480 904 78 229 469 269 187 915 47 428 156 877 346 792 414
53 681 164 859 31 94 227 209 775 57 454 790 124 718 553 359 951 967 871 897 989 117 743 422 230 579 239 985 958
287 703 911 706 548 969 612 635 16 533 955 896 115 772 913 630 823 965 261 847 476 82 213 108 953
210 350 668 20 774 426 986 912 251 458
807 761 851 37 666 163 107 673 89 516 413 357 71 345 891 456 981 404 314 651 260
949 263 972 50 617 917 388 49 918 130 520 935 996 336 563 606
233 543 879 819 641 18 627 271 946 765 272 264 747 952 356 91 22 764 926 159 114 976 443 317 499 390 658 552 649 439
379 75 835 737 735 402 762 732 195 496 696 768 331 74
993 672 511 656 368 235 711 700 882 741 243 400 677 942 962 661 855 52 507 787 349 831 856 405 447
675 791 472 436 151 143 253 702 180 925 659 742 821 68 399 471 33 237 886 940 179 193 733 423 278 429 250 868 809 223
980 510 102 654 834 517 623 370 360 530 861 535 242 836 647 808 391 411 798 860 526 437 907 848 842
225 129 755 134 430 692 683 440 206 216 590 127 557 45 578 757 96 919 872 493 393 716 814 707 593 945 327 783
234 316 109 478 592 822 487 155 15 729 771 211 99 152 23 971 310 597 166 887 84 111 433
244 811 232 594 725 398 369 488 504 927 963 846 296 795 697 265 806 302 495 80 586
21 59
13 583 371 167 950 116 410 983 682 351
284 395 788 79 342 277 759 576 85 522 38 1000
441 406 876 845 73 442 893 366 144 226 556 485 290 30 782 459 372 964 241 475
874 920 802 323 153 880 776 734 412 384 142 298
670 738 341 884 805 883 881 425 758
527 854 173 55 825
970 236 470 339 923 600 407 392 358 145 176 514 796 611 916 293 344 4 463 416 202 710 69 676 494 408 182 11 288 87
667 521 864 194 248 691 200 567 432 767 843 708 756 591 66 813 643 537 204 867 559
719 616 497 539 14 536 397 815 352 613 866 189 992 448 132 43 625 632 991 930 731
146 274 228 224 174 715 289 294 875 596 221 240 25 12 468 817 665 353 218 820 568 255 364 689 311 744 329 19 565 373 858 800 519
273 634 291 450 512 837 693 231 931 335 849 367
975 766 833 957 660 486 128 76 445 162 313 609 816 86 852 325 936 28 48 421 300 699 569 838 903 524 154
65 550 201 589 720 960 60 574 409 192 67
148 138 684 724 1 160 461 803 587 645 446 781 186 688 90 555 892 61 7 789 878 973 857 898 56 44 501 238 348 869 295 620 900 752
763 722 608 462 754 749 332 268 770 601 175 902 705 185 921 303 631 150 933
122 214 929 818 751 322 753 899 418 943 714 760 103 328 92 490 382 465 888 540 5 580 8 120 246 492
584 727 137 525 306 564 506 434 417 460 83 745 104 119 987 685 928 515
810 46 639 640 599 41 386 573 321 105 990 961 793 315 895 333 304 626 396 674 966 93 330 726 383 541 830 245 149 415 988 198 453 199 259
