9807.63
156 227 231 795 902 834 600 555 546 666 733 338 132 747 483 184 1000 890 878 42 521 67 473 436 2
626 214 898 807 609 669 121 741 134 982 984 849 964 79 433 24
636 228 803 907 707 589 586 647 326 399 363 772 498 983 203 866 50 522 103 469 63
622 223 805 912 709 605 602 655 760 732 369 118 492 980 176 869 37 517 101 468 59
625 256 253 929 701 552 557 688 744 388 335 727 487 968 297 891 41 948 76 475 7
252 802 829 565 668 346 144 206 283 34 98 439
623 232 785 924 811 524 619 675 316 404 370 484 999 295 841 962 80 435 422
643 243 780 927 824 535 562 650 311 392 360 499 179 300 859 938 77 437 54
270 702 606 400 331 202 879 85 56
172 648 379 867 410
631 240 801 908 819 616 577 644 314 397 367 497 186 293 839 961 99 456 429
640 787 915 572 542 320 125 130 14 182 895 941 463 25
153 216 247 797 918 713 817 550 592 671 751 375 145 752 334 359 997 190 290 858 51 958 519 92 447 58 11
624 249 241 928 700 527 554 685 725 382 322 726 486 967 301 894 44 947 86 413 1
630 260 166 706 581 603 658 389 737 403 478 196 853 855 520 66 454 109
148 263 226 783 169 721 830 611 590 526 687 381 333 770 742 339 305 198 974 292 885 870 930 508 71 421 418 117 62
146 632 272 254 170 905 722 831 558 618 657 689 350 756 761 394 402 313 15 194 209 868 881 31 939 523 96 455 452 29
151 273 257 171 698 809 539 551 678 325 374 315 133 482 998 175 838 843 959 91 424 414 21
157 229 225 782 173 697 827 610 579 525 684 378 327 768 738 337 759 965 988 298 889 886 944 512 81 445 428 23
155 212 221 791 901 832 596 545 543 664 731 324 763 771 122 181 993 884 871 957 506 97 470 426 104
271 174 598 676 740 349 994 852 951 440
621 244 779 913 703 601 591 653 755 407 368 769 481 979 18 877 43 518 70 471 106
620 220 906 822 613 674 304 748 139 488 976 844 953 73 432 22
152 638 276 275 161 910 704 567 561 534 680 693 358 776 762 395 728 317 19 200 977 876 888 45 940 501 88 459 408 64
277 278 909 588 547 136 127 142 188 187 897 949 412 53
154 282 237 786 920 808 594 544 531 661 723 309 758 766 119 178 989 856 862 955 500 94 466 423 61
633 642 217 222 165 911 705 814 566 540 673 654 372 778 765 734 343 344 970 210 16 872 836 48 946 509 72 464 427 115
147 280 233 790 904 818 604 563 580 667 746 341 135 753 494 191 17 286 875 933 502 68 476 444 10
159 248 230 784 160 719 826 608 578 617 690 396 351 774 743 342 306 199 987 296 887 880 942 511 75 443 425 116 9
158 274 258 162 716 813 541 560 681 330 380 319 138 493 13 20 893 850 960 505 417 411 60
639 265 268 923 720 553 570 646 775 391 362 739 489 973 302 840 49 936 83 409 107
393
269 168 607 677 745 361 995 861 956 446
242 800 825 569 682 355 307 969 284 38 65 434
627 235 796 925 815 532 559 692 323 406 371 485 177 291 854 935 95 453 6
236 798 812 573 686 366 318 978 288 35 84 449
266 711 615 401 336 208 837 78 110
164 659 384 874 419
629 641 281 224 167 921 708 823 574 548 529 695 365 777 764 724 321 328 204 205 986 842 892 46 945 503 100 460 420 111
635 264 792 922 715 538 614 663 347 405 364 754 479 975 991 883 40 934 87 462 30
634 262 789 914 712 530 612 662 729 735 373 126 490 990 12 863 47 513 69 465 55
5 261 215 218 793 926 717 821 584 593 564 694 651 332 123 120 303 386 345 495 195 971 207 896 847 52 952 514 102 450 431 474 8
234 788 810 571 683 357 308 972 285 32 82 441
150 213 245 794 916 710 816 549 583 670 143 354 131 750 329 348 985 189 294 860 39 954 515 457 461 108 57
267 899 533 679 773 377 996 864 963 448
3 279 219 239 799 903 718 828 587 599 568 645 652 340 129 124 312 387 356 480 192 966 197 882 846 36 943 510 89 430 415 472 113
637 246 781 917 820 536 582 649 310 390 352 491 992 299 845 932 93 438 112
149 238 255 806 919 714 833 556 595 672 665 353 128 749 141 137 981 185 289 857 33 950 516 467 451 105 27
628 259 163 696 576 597 656 383 730 398 496 201 865 873 504 74 458 26
4 250 251 211 804 900 699 835 537 575 528 585 660 691 757 736 767 140 385 376 477 180 193 183 287 848 851 931 937 507 90 416 442 28 114
