73311.33
220 351 446 178 634 964 406 645 335 253 831 474 79 284 834 931 25 654 32 743 377 850 794 594 299 695 815 492 754 260 856 217 823 424 320 703 440 951 4 99 636 586 157 425 789 684 412 668 29 161 326 47 426 929 237 844 631 77 169 865 195 264 74 898 826 321 803 413 454 19 843 54 697 522 644 80 281 153 1 138 303 104 662 359 876 276 193 468 842 96 196 848 130 930 595 575 517 619 505 974 615 965 108 319 512 765 364 60 674 710 439 117 946 916 569 223 313 97 627 33 374 590 533 924 162 682 315 549 722 158 570 125 939 867 452 310 698 86 532 928 750 585 143 476 43 888 106 624 838 407 593 81 355 255 232 882 994 623 478 170 144 318 128 786 146 770 370 997 280 213 349 343 793
251 922 443 806 27 972 398 827 189 177 860 447 421 278 188 769 285 191 252 66 685 704 568 187 51 892 944 273 166 588 78 912 115 202 405 661 180 37 124 514 345 40 357 792 373 952 579 293 469 347 230 650 810 599 983 605 906 574 8 937 306 362 395 873 312 206 499 207 511 93 53 877 262 112 160 152 513 70 571 708 995 535 640 279 470 482 632 28 971 107 342 608 147 811 487 409 228 38 847 361 516 301 962 572 383 523 957 506 909 266 798 719 240 584 286 564 567 401 411 960 822 239
675 607 540 23 621 894 5 845 164 562 676 274 416 805 902 238 227 712 629 203 772 85 485 718 403 925 835 225 11 489 399 83 874 531 724 68 389 381 678 837 879 934 577 797 234 589 494 700 337 105 651 763 241 780 745 493 18 963 90 417 755 376 689 954 132 410 598 736 41 59 761 859 536 869 647 14 985 333 812 82 702 498 271 265 613 212 192 269 779 404 808 738 559 231 541 656 408 897 715 183 524 920 993 998 434 98 871 495 250 733 458 696 211 131 52 778 35 758 151 209 988 833 336 614 709 199 460 565 556 917 184 322 304 907 707 385 465 24 400 915 659 973 415 302 657 839 638 918 366 602 977 617 214 904 507
390 889 525 323 368 156 246 49 725 242 829 168 324 270 768 502 730 243 110 463 943 580 563 777 123 582 979 885 509 435 783 179 15 752 796 528 539 701 816 949 369 774 950 119 64 790 167 354 999 121 887 148 329 479 386 291 612 802 459 277 890 648 933 100 134 149 197 236 555 288 711 830 986 308 95 442 473 660 328 961 186 557 297 26 501 583 175 705 334 649 953 781 554 61 866 686 518 396 215 706 548 173 290 544 360 165 530 182 418 824 17 484 423 596 576 65 746 687 666 762 444 622 113 694 414 940 488 222 467 102 289 773 529 726 379 339 818 637 21 587 731 853 603 893 639 254 673 626 785 903 210 429 864 880 729
353 12 42 94 819 309 899 73 139 344 989 966 338 643 820 908 795 245 436 591 316 249 828 992 616 919 996 543 945 990 836 441 817 44 311 103 258 878 331 886 991 71 635 292 142 776 340 515 728 905 437 821 630 45 538 723 955 982 653 784 486 384 618 235 800 926 692 609 283 445 50 471 190 256 272 382 941 457 677 809 122 55 642 799 870 857 969 46 804 610 16 13 3 34 747 757 663 534 881 267 520 352 307 63 550 7 927 720 22 500 767 317 218 154 451 30 825 846 968 665 504 681 561 275 732 453 480 456 39 433 910 923 981 787 224 363 393 58 938 714 126 341
862 109 592 519 546 472 573 646 760 72 604 325 840 978 601 9 76 727 721 551 553 688 248 92 742 356 136 807 913 6 891 987 282 855 537 422 814 751 263 552 497 669 150 942 672 483 936 419 477 114 690 295 935 739
680 387 185 388 57 314 36 296 430 88 932 734 198 116 402 737
884 868 375 667 658
378 455 490 764 216 560 176 259 371 118 600 475 766 205 287 771 625 140 10 670 503 947 348 111 578 181 872 133 2 791 89
219 481 84 975 201 896 127 958 655 852 432 679 744 135 174
171 597 581 75 397 200 141 305 101 69 801 628 735 346 526 244 56 159 247 691 749 883 461 901 521 491 914 462 858 31 261 547 194 496 1000 129 327 948 449 67 693 448 257 875 984 717 20 980 664 450 62 221 120 48 759 558 394 427 849 671 970 91 606 611 527 775 466 740 741 300 145 464 365 895 713 788 87 172 753 208 350 229 510 851 911 508
959 392 861 358 863 294 163 268 633 542 756 137 841 155 367 420 699 641 976 956 813 832 716 683 298 226 921 967 332 652 380 782 620 204 330 566 233 372 438

428 748 854 545
431 900



391































