9550.00
147 621 103 948 310 645 725 977 204 193 484 355 502 16 36 996 995 994 498 863 64 57 401 993 656
29 826 680 606 330 121 729 687 834 350 340 968 555 62 952 290
172 224 891 875 951 33 287 286 888 139 253 154 941 54 936 47 212 279 675 916 796
742 318 751 326 382 380 311 384 406 404 750 749 748 737 148 608 604 536 435 934 515
7 405 399 12 520 315 954 65 505 133 140 207 707 709 296 800 769 787 631 246 225
26 27 598 379 4 973 38 285 871 887 970 504
479 341 726 547 580 971 765 699 702 704 705 817 524 117 124 134 911 226 230
778 361 349 334 331 329 322 868 493 2 715 722 695 636 780 268 833 333 640
963 959 944 961 458 692 689 686 685
714 303 173 628 261
460 51 691 130 126 356 352 348 345 344 990 239 394 393 115 111 113 60 6 855
444 812 539 541 241 218 487 489 478 188 488 681 182 187
532 552 109 759 434 436 305 302 653 413 414 415 418 420 514 962 814 416 427 939 252 243 816 766 485 265 160
922 158 639 93 43 840 114 195 886 880 935 762 730 755 320 801 668 831 975 966 151
323 820 821 822 332 39 956 501 83 889 66 58 42 1 521 809 824 607
688 31 95 50 890 823 870 84 68 894 176 627 803 166 810 245 152 785 642 967 756 316 972 978 981 985 998 872
770 794 732 900 813 784 783 782 921 118 693 269 605 370 764 860 858 72 40 581 589 781 456 805 553 8 108 107 106 105
48 96 55 101 734 511 44 531 543 559 844 295 293 945 946 950 644 403 244 630 716 641 720
633 78 25 20 671 221 466 470 719 721 710 274 452 896 895 942 980 529 509 969 440 438 422 976 15 425 429 412 419
492 471 819 818 752 754 758 761 161 788 373 828 248 940 984 746 300 87 409 937 445 953 472 455 857
983 849 943 862 602 19 408 417 89 593 22
897 829 930 53 768 486 708 496 325 256 249 500 396 882 884 815 165 678 677 251 122
156 170 178 179 180 181 958 98 517 841 845 854 859 793 477 41
991 915 336 199 143 909 917 157 259 278 276 638 102 371 359 612 613 654 670 893 76 75 913 262 804 611 153 162 163
832 791 213 574 74 540 534 220 297 827 206 24 979 885
104 616 925 215 665 600 711 903 906 263 250 309 312 14 35 357 45 46 228 808 236 242 217 281
73 71 70 69 465 928 131 128 125 676 174 924 490 381 839 830 679 876 432 129 164 723 733 651 619 155 986 835 32 450
999 91 86 145 324 735 736 740 745 389 13 67 301 88 955 957 763 847 846 856 562 577 366 142 354
908 902 901 792 159 622 904 313 652 337 526 626 703 273 271 696 706 527 576 495 923 684 657 575 743 918 910
497 177 428 625 790 247 34 949 353 351 205 584 587 594 596 601 339 533 537 294 437 110 30
397 395 618 525 196 194 190 189 183 522 825 17 216 266 892 567 270 757 867 292 926
11 28
402 620 590 545 717 700 701 623 146 712
365 358 288 291 201 848 282 643 588 257 214 272
468 464 335 744 667 666 664 873 431 774 376 448 94 933 506 503 523 321 319 21
786 609 566 597 595 592 682 200 135 799 551 560
191 192 198 851 568 583 18 507 476
544 585 264 267 223
3 579 483 314 789 306 661 123 535 947 283 254 209 491 391 37 343 342 338 777 776 775 683 649 614 694 690 99 317
669 663 662 660 561 760 298 920 388 798 797 795 137 97 441 411 508 919 480 469 637
697 227 378 372 138 632 811 385 307 308 197 603 852 327 328 549 169 59 459 168 453
929 127 240 237 546 234 938 974 987 988 992 119 92 449 424 85 10 474 457 842 208 965 277 229 646 647 648 879 869 866 548 116 451 203
171 167 650 724 806 558 556 550 773 610 599 184
63 836 494 289 284 753 747 739 728 727 210 997 982 927 463 838 853 861 864 865 538 280 175 518 304 61 519
446 185 510 9 989 186 837 843 850 964 564
673 672 462 461 442 473 475 573 571 569 565 563 499 931 914 374 899 369 368 364 363 362 591 255 659 211 235 233 232 231 807 738 222
5 141 617 624 878 877 907 528 149 377 120 347 586 542 713 219 898 635
112 430 447 481 658 360 874 383 375 741 772 144 407 718 136 530 367 90 299 582 439 960 454 557 554 56 421
392 390 387 698 767 512 49 82 881 202 482 905 572 467 513 410 516 443
23 150 275 634 258 570 578 674 260 912 883 771 433 81 80 79 77 52 629 779 655 386 346 932 426 423 731 238 615 398 132 802 100 400 1000
