95452.00
573 612 557 602 534 586 540 548 554 570 591 614 603 592 595 597 606 547 583 526
977 203 176 18 991 297 301 302 292 290 296 298 294 289 299 295 293 288 291 300
312 319 140 397 308 307 393 742 743 749 750 752 758 763 144 142 139 134 130 394
405 357 736 120 776 773 366 735 355 777 391 778 362 762 761 322 373 774 363 303
125 127 128 341 374 338 131 145 732 756 124 745 740 380 382 324 309 388 407 346
37 43 47 50 35 32 34 38 42 933 931 957 942 955 944 930 964 953 932 935
499 478 488 496 14 15 970 19 188 204 982 965 180 199 198 978 972 981 985 969
759 483 477 494 493 482 479 481 486 489 498 490 480 492 487 484 485 495 491 497
440 473 432 461 462 414 468 451 447 442 428 475 469 425 418 411 471 465 420 458
105 108 7 53 58 25 1 30 55 107 63 23 59 106 117 8 21 115 29 111
754 342 339 352 337 133 138 370 772 726 334 321 739 727 329 403 769 141 360 367
858 857 863 839 854 892 888 841 881 845 878 875 871 862 859 897 843 895 850 851
833 814 823 831 533 567 537 572 598 538 588 607 530 552 576 601 553 527 581 589
118 126 395 387 379 724 318 386 734 349 385 384 336 738 331 361 377 371 398 343
971 966 185 190 1000 984 976 16 183 20 993 989 175 207 12 187 182 209 986 197
799 165 167 161 166 162 163 170 171 160 169 172 173 164 174 168 899 900 906 912
784 782 781 797 780 794 806 796 785 801 788 786 798 800 802 804 791 795 790 793
673 680 657 648 659 679 645 676 677 674 655 646 662 647 653 663 694 669 688 660
908 920 925 927 909 917 924 915 697 719 699 698 721 702 716 706 696 711 705 717
611 524 532 549 545 528 544 571 563 569 579 555 613 616 593 599 565 590 578 609
100 96 85 78 74 66 92 457 417 430 424 412 450 467 421 445 443 463 416 410
764 364 335 748 737 404 741 765 390 392 406 315 369 368 730 768 770 767 132 135
285 284 283 287 286 856 884 890 842 872 882 896 838 876 853 865 868 887 840 852
259 258 257 222 224 254 218 275 239 268 278 241 253 803 805 779 792 789 783 787
861 849 893 844 889 864 874 885 848 867 846 877 891 883 894 866 860 847 869 836
615 560 618 564 568 542 551 525 585 582 559 562 577 617 546 580 529 543 619 531
225 281 243 272 240 232 235 247 237 233 211 245 255 214 220 231 221 270 266 260
605 541 539 550 536 535 575 574 566 561 558 556 584 587 594 596 600 604 608 610
913 914 907 922 898 919 916 918 929 928 923 903 910 921 911 904 926 901 902 905
670 671 685 672 658 656 678 681 684 687 654 690 651 661 667 649 652 666 689 668
682 683 686 695 693 664 650 644 675 692 691 665 143 751 136 320 347 755 326 729
116 64 22 60 24 113 56 2 110 114 10 61 26 27 57 104 11 9 109 62
507 514 510 523 519 515 516 505 91 80 77 93 73 99 79 95 102 89 81 65
951 947 948 934 522 517 504 513 518 508 512 502 520 511 506 500 521 501 509 503
191 13 997 192 195 178 184 181 206 995 979 179 990 193 177 994 983 186 205 980
837 886 880 870 855 879 873 39 51 52 33 36 48 46 31 45 40 41 44 49
437 438 453 435 419 456 459 466 470 448 464 446 455 409 413 433 476 460 415 431
408 427 434 439 441 454 449 423 436 444 452 426 472 474 429 422 54 6 112 28
274 273 217 271 249 280 265 244 264 262 282 223 267 219 251 226 246 230 215 276
760 330 372 381 378 332 325 350 304 744 358 365 396 725 121 775 340 351 353 354
723 310 327 731 316 314 311 746 757 129 123 323 333 733 389 383 375 401 400 399
640 277 229 248 213 238 263 216 250 252 227 236 279 234 212 261 242 269 228 256
938 943 952 961 946 937 939 960 945 940 962 958 950 959 954 963 936 949 956 941
818 808 826 832 834 822 807 830 827 811 821 820 815 828 813 809 824 819 817 816
75 71 68 67 98 82 84 97 94 90 83 69 76 86 70 101 87 103 72 88
625 621 629 639 635 633 634 623 627 631 643 637 630 628 626 620 642 641 638 632
344 345 766 771 728 317 356 313 753 306 305 328 402 747 376 359 119 137 122 348
713 718 710 708 704 714 712 703 715 722 701 700 709 707 720 829 825 812 810 835
200 975 996 973 210 968 967 998 194 17 196 999 189 202 992 988 987 201 208 974
4 5 3 151 158 147 154 155 156 150 153 148 149 157 159 146 152 622 636 624
