9554.50
756 777 798 879 884 921 961 30 47 59 188 233 276 313 356 393 432 439 472 500 516 556 601 676 715
782 847 912 983 991 67 285 342 455 456 467 531 604 647 654 718
789 839 875 933 973 20 63 77 171 218 270 318 364 401 506 552 591 607 643 693 744
776 823 867 919 967 69 116 161 205 252 274 298 346 396 445 487 537 576 635 683 728
781 834 877 926 974 22 119 127 158 210 257 301 402 450 453 495 497 541 589 641 739
853 904 992 214 260 272 339 613 660 661 706 132
751 803 820 902 957 180 229 254 280 332 382 419 483 538 543 548 599 646 743
749 801 851 900 74 176 217 227 278 330 380 422 481 489 540 597 629 686 697
939 940 982 42 65 143 370 484 488
787 222 365 602 620
750 802 852 901 75 177 228 240 279 331 378 482 504 542 567 598 612 645 698
809 947 35 37 44 118 130 168 179 220 379 526 609 713
772 778 813 849 890 925 963 1000 40 58 94 108 129 135 206 283 321 361 397 434 448 469 513 571 666 702 738
775 786 822 866 918 966 162 204 253 297 345 395 409 444 465 486 536 575 634 682 727
760 815 870 934 972 988 33 49 83 105 141 195 307 366 420 502 532 585
767 804 840 868 908 941 8 92 163 197 215 237 249 271 302 312 336 373 414 447 477 518 553 577 621 658 696 729
755 791 826 860 892 927 958 996 4 32 87 120 154 190 224 263 324 358 387 426 459 490 523 561 594 624 657 723 737
768 811 854 896 937 986 18 72 110 151 201 242 287 328 371 417 462 501 544 582 631 679 720
770 842 873 889 909 942 969 984 55 78 93 114 131 303 340 375 412 416 442 452 454 509 519 554 580 644 662 700 731
758 799 843 878 920 951 960 10 15 64 76 101 187 211 275 311 355 392 433 473 517 558 603 678 716
836 888 946 950 956 103 368 421 457 510 688
774 821 865 917 965 68 115 160 203 212 251 296 344 394 443 485 535 574 633 681 726
783 848 881 913 979 36 90 221 286 410 424 468 530 605 655 719
759 792 829 861 893 929 959 997 5 85 139 153 189 223 262 292 323 357 386 425 458 475 522 560 593 623 656 687 722
746 810 882 948 38 95 169 241 314 405 527 611 670 740
754 795 838 874 914 949 999 16 29 61 100 145 184 269 305 349 383 407 430 466 511 550 584 672 712
764 794 831 863 895 931 955 995 6 54 88 122 156 192 226 265 295 326 360 389 428 461 492 525 565 596 628 665 695 725
757 800 845 880 922 962 17 21 50 62 99 186 231 267 310 354 391 431 471 508 515 557 600 677 717
748 771 806 841 872 910 943 981 985 56 91 165 199 232 239 273 304 341 376 451 520 555 581 626 664 701 732 745
769 812 855 897 938 987 19 73 111 152 202 243 288 329 372 418 463 503 545 583 632 680 721
788 837 883 932 9 71 97 102 167 213 268 309 362 403 551 590 606 642 648 692 742
3
785 805 907 123 124 146 148 246 406 528
818 903 41 185 244 258 317 327 337 568 622 669
753 808 857 905 31 134 183 236 282 335 385 494 512 547 610 615 638 704 707
747 819 970 993 39 150 259 316 338 569 570 637
844 48 96 112 142 353 369 653 659
835 247 293 630 636
763 793 830 862 894 930 954 994 7 53 86 121 155 191 225 264 294 325 359 388 427 460 491 524 564 595 627 663 694 724
779 832 876 924 13 46 159 209 255 299 343 351 400 440 449 474 496 587 640 684 733
780 833 923 971 11 23 66 89 157 198 208 256 300 352 381 399 539 586 639 685 734
765 796 827 858 885 915 944 952 975 2 52 57 84 109 144 172 200 266 290 320 350 377 408 436 441 464 498 562 578 617 650 674 709 736
825 911 998 128 181 248 348 573 614 616 625 668
784 824 864 898 977 980 12 14 25 28 106 137 174 291 415 423 446 470 478 479 480 521 559 671 690 711 735
125 149 219 238 250 277 689 691 699 714
766 797 828 859 886 916 945 976 45 81 126 147 170 173 178 196 216 230 261 289 319 347 374 404 437 499 529 563 579 618 651 675 710
752 807 856 906 968 43 133 164 182 234 235 281 334 384 493 546 608 652 703
773 814 850 891 928 964 24 27 98 104 113 138 175 207 245 284 322 363 398 411 505 514 549 572 667 705 741
762 816 871 935 978 989 34 70 79 82 140 194 306 315 413 438 533 588
761 790 817 846 869 887 899 936 953 990 1 26 51 60 80 107 117 136 166 193 308 333 367 390 429 435 476 507 534 566 592 619 649 673 708 730
