10111.00
262 240 266 789 170 908 722 567 600 547 653 691 375 778 377 317 982 966 286 878 952 80 410 426 109
579 577 681 340 338 404 758 477 177 197 864 31 947 86 470 59
785 906 915 835 576 569 615 654 121 124 363 724 753 206 984 896 39 959 89 431 112
796 907 697 818 527 545 595 671 729 125 364 734 766 969 989 840 895 941 68 440 1
801 912 698 812 552 555 597 672 755 127 368 738 771 972 993 844 897 949 82 446 7
311 732 134 398 491 996 295 891 930 503 457 471 2
901 717 814 566 591 645 686 333 756 308 754 15 189 284 859 932 519 421 454 104
902 718 823 574 602 676 689 351 773 318 769 19 190 285 862 935 523 443 458 9
759 997 187 861 52 963 76 464 30
841 944 514 450 439 27
904 703 816 575 612 677 693 353 776 331 772 188 196 288 871 938 516 416 441 57
662 665 723 312 385 345 199 987 890 843 940 95 438 472
229 279 219 221 268 804 922 706 832 524 593 585 690 372 357 741 141 479 186 209 874 46 517 90 473 63
786 174 702 827 601 578 562 678 332 324 397 752 359 985 182 852 36 956 70 460 23
811 535 613 531 651 378 366 764 337 487 967 991 847 43 508 88 447 115
633 637 212 249 232 259 782 167 929 714 824 561 586 680 683 310 407 130 371 478 994 289 869 38 501 66 420 110
148 624 643 277 234 271 276 258 781 169 925 720 538 610 564 674 136 733 319 387 376 13 992 872 851 946 65 456 422
233 241 790 916 704 820 539 534 546 661 396 380 767 342 490 973 301 858 35 512 85 451 116
634 620 263 256 235 260 783 161 928 713 819 558 570 657 682 129 405 126 370 495 990 298 877 42 506 74 427 114
264 243 270 792 160 911 700 831 604 551 655 692 400 140 379 328 180 971 856 892 937 79 435 452
748 321 481 210 18 889 41 504 72 414 8
788 168 721 826 589 573 559 658 330 309 392 750 348 981 12 849 33 951 69 459 58
590 582 684 350 341 406 763 482 179 207 867 45 934 83 466 55
149 625 626 641 242 274 211 239 797 172 909 825 588 528 568 694 326 746 322 393 402 178 999 865 886 958 81 415 28
663 143 401 303 384 344 198 974 884 837 939 93 437 429
265 246 222 784 163 921 701 533 594 526 646 650 383 132 349 306 204 202 300 888 964 73 419 436 62
157 621 627 642 252 280 214 254 806 173 917 810 572 611 583 660 320 120 335 394 728 181 16 838 870 950 71 409 54
267 251 224 787 166 926 707 537 596 542 647 675 389 135 361 313 970 208 287 881 953 77 463 444
635 632 250 244 230 255 805 162 923 710 813 556 557 648 668 123 399 118 367 485 983 296 866 34 521 92 408 56
237 253 793 903 711 821 541 540 580 664 725 382 768 343 492 975 302 857 32 511 100 461 117
798 899 719 807 553 565 606 688 304 128 369 742 119 191 175 868 855 961 84 448 25
428 64
761 329 480 200 203 836 44 513 87 418 21
314 735 139 403 497 998 299 894 942 507 412 468 60
905 712 817 584 614 679 695 354 777 336 305 496 201 291 875 943 91 445 423 11
316 736 142 726 499 17 294 839 933 510 424 475 10
483 978 1000 848 51 960 102 432 105
845 955 515 430 434 26
159 636 631 640 236 273 281 218 794 164 927 829 598 544 592 670 347 757 362 395 747 184 20 853 880 954 75 413 6
800 900 699 808 607 563 603 685 760 131 373 743 122 192 183 876 873 962 98 455 53
802 898 924 822 581 571 618 656 325 145 390 749 137 195 976 882 879 936 67 433 108
5 155 150 152 623 628 216 223 225 245 803 165 918 705 828 549 548 619 666 744 388 770 352 498 979 290 860 47 520 96 462 22
323 740 144 727 488 995 293 883 931 509 417 469 113
248 217 282 231 278 791 913 716 834 532 599 617 649 358 346 730 133 493 193 977 885 48 522 94 476 106
762 334 486 205 176 893 49 518 101 425 29
3 154 158 146 629 630 238 228 226 247 779 799 919 708 809 550 554 673 667 775 391 774 360 484 980 292 863 50 500 78 465 24
910 715 833 587 525 659 644 327 745 307 739 14 185 283 854 957 505 467 449 61
213 261 215 220 275 795 914 696 830 605 609 529 687 365 355 737 138 494 194 986 887 40 948 97 411 107
815 536 616 543 652 381 374 765 339 489 968 297 846 37 502 103 442 111
4 151 147 156 153 622 639 638 227 269 272 257 780 171 920 709 530 608 560 669 751 731 315 386 356 965 988 842 850 945 99 453 474
