9695.78
27 953 43 871 840 295 185 992 177 973 969 198 982 480 137 766 734 335 686 577 578 589 819 919 637
11 877 894 283 288 483 728 383 378 644 558 596 718 788 798 249
64 32 855 858 866 838 197 976 499 328 133 758 396 597 588 831 900 241 279 263 147
28 886 836 849 300 302 313 352 384 368 330 136 656 559 591 616 581 904 928 791 213
29 876 298 12 974 186 980 402 387 303 380 347 320 582 571 708 719 916 167 270 228
98 322 120 407 654 671 564 527 537 722 643 633
60 184 485 339 132 748 761 351 375 731 121 744 702 784 239 266 276 635 150
839 846 993 995 15 488 486 343 730 760 668 595 524 817 717 164 214 217 621
587 907 237 219 272 273 146 159
968 786 805 243 264
286 284 202 971 179 994 996 348 131 310 143 675 546 526 583 820 161 268 149
2 139 373 357 405 725 676 611 821 818 701 699 901 275
109 456 445 463 83 508 513 951 875 852 18 983 376 738 312 145 756 531 606 569 553 825 710 924 162 797 271
53 848 293 203 209 175 999 181 985 757 695 685 547 560 568 833 824 822 172 792 246
112 987 494 119 344 371 745 680 673 534 163 793 281 641 642 631 157
26 458 442 476 443 78 519 511 517 939 958 943 837 881 847 882 884 496 492 359 726 768 304 543 585 812 707 258 261
56 423 426 444 449 411 418 465 433 460 92 101 502 952 930 942 859 196 997 482 305 361 404 311 340 372 664 646 787 235 630
878 892 857 208 210 199 128 314 746 751 651 694 615 549 604 576 174 804 789 223 212 156
9 448 437 416 457 87 93 77 504 937 44 870 897 285 183 984 191 490 747 398 397 770 650 662 557 536 911 253 254
110 97 503 509 514 961 932 931 289 301 201 489 771 334 754 135 332 660 655 614 584 600 921 790 636
67 828 697 929 165 780 220 231 282 154
450 986 989 17 189 484 345 772 318 750 140 735 323 353 661 653 594 607 823 706 255
1000 317 356 142 752 388 776 645 617 570 832 713 225 262 625
61 414 461 471 475 409 464 96 99 507 522 948 946 895 187 194 981 478 763 319 732 682 674 619 590 720 915 923 158 5
22 755 663 609 535 539 698 925 171 257 236 148 3
410 438 453 85 84 71 89 505 516 501 964 42 45 843 988 749 762 400 528 550 572 905 785 269 280
415 412 66 103 523 521 512 956 959 933 35 37 874 885 856 290 16 200 385 724 741 565 532 815 781 218 274 234 620 622
114 88 100 68 80 940 38 854 869 990 759 130 308 393 123 129 401 667 684 669 659 605 168 783 232
95 515 500 963 39 887 868 291 292 13 180 769 392 324 333 354 381 681 687 593 538 834 712 696 908 912 922 803
40 36 861 872 767 366 740 777 358 649 683 693 677 612 555 917 920 779 229 248 632 155
24 205 965 188 495 122 321 370 739 118 743 362 363 689 603 598 709 715 795 245 216
227
126 134 737 127 723 529 601 794 629 624
117 530 533 814 827 835 829 910 898 906 260 151
116 176 182 144 399 736 327 647 562 548 586 807 721 926 903 221 259 251 238
115 369 765 382 365 666 672 816 244 267 152 153
342 331 602 563 813 799 250 626
125 690 544 541 222
62 446 466 470 473 69 90 82 102 518 841 883 864 853 890 207 190 193 979 192 491 394 389 350 551 599 575 830 927 166 278
950 962 935 938 879 850 862 893 972 367 727 336 764 316 692 608 811 700 800 623 639
520 941 41 46 287 991 966 978 204 477 306 329 774 346 679 556 566 610 705 782 215
105 54 429 474 439 425 428 469 432 459 430 70 65 75 79 510 506 947 48 294 19 970 141 307 364 406 579 574 809 913 899 806 256 277 57
949 967 497 742 338 391 326 648 230 240 638 627
104 417 94 73 954 960 944 47 52 873 863 891 299 977 975 206 498 360 403 325 652 810 703 909 173 224 265
124 341 691 567 704 714 711 160 170 628
427 447 455 435 421 467 76 86 91 934 955 31 845 860 889 865 998 178 753 395 390 374 773 775 678 554 613 902 169 233 226 640 4
111 493 337 377 379 315 778 665 670 542 540 561 552 808 918 914 211 252 634
23 55 59 1 25 58 6 422 472 452 420 434 441 462 431 440 424 74 72 844 867 842 195 386 733 618 801 242
10 936 945 957 51 888 296 14 479 481 138 349 309 657 525 592 573 826
113 8 21 30 63 106 107 7 108 436 408 454 451 468 413 419 81 34 50 49 33 851 880 896 297 20 487 355 729 658 688 580 545 716 802 796 247
