9733.25
105 106 107 111 115 119 132 191 293 362 378 431 475 564 584 737 760 813 855 886 935 937 940 953 968 987
15 25 29 43 85 126 139 144 187 193 506 539 655 796 814 951
17 73 89 90 98 164 196 216 272 306 315 347 406 448 452 636 672 718 941 948 978
13 91 121 127 131 188 198 217 290 292 296 298 300 368 396 401 599 717 719 907 977
10 65 108 122 123 135 140 155 212 254 264 297 317 328 373 377 402 562 569 653 916
147 349 367 372 393 415 526 557 610 663 884 995
16 84 159 175 182 241 243 411 473 578 616 621 671 679 685 713 739 850 982
3 31 156 186 227 280 311 314 323 326 561 563 582 869 888 889 946 999
75 86 97 247 689 867 871 894 979
309 637 716 913 985
14 79 110 143 222 224 261 299 305 316 343 489 496 543 825 868 882 958 997
46 215 260 358 476 511 519 566 617 652 687 781 859 974
9 145 148 153 173 213 355 361 395 398 407 430 453 478 510 576 665 677 700 733 751 832 860 895 950 998
77 104 165 214 381 435 559 642 650 745 755 763 772 846 847 920 932 956 963 970 980
103 149 274 304 429 554 614 623 695 708 782 783 784 787 807 905 934
83 93 94 161 202 257 279 286 313 341 356 403 410 442 443 507 513 520 648 690 743 856 883 890 901 955 973 981 993
33 66 160 237 250 256 325 344 405 456 471 486 490 531 544 575 635 643 658 670 696 753 761 765 841 872 879 900 984 996
80 102 146 174 302 338 353 421 427 440 444 583 587 629 736 738 771 773 804 945 962 965 988
11 18 26 27 30 67 71 81 152 180 185 307 327 382 414 434 439 457 483 528 593 596 649 756 775 799 845 876 949
40 57 114 194 225 244 345 357 441 445 491 499 522 524 574 588 631 647 723 729 735 767 840 852 897
53 189 310 350 420 484 501 517 592 835 972
1 60 190 195 219 275 477 585 666 669 711 750 864 878 885 957 969 971 975 983 1000
74 99 176 211 268 331 360 384 436 472 498 534 545 608 870 903
172 223 226 312 319 335 348 428 460 547 548 639 644 646 664 667 710 727 744 789 793 801 806 816 822 866 902 910 933
2 42 239 464 505 556 568 594 612 622 673 720 768 927
56 136 151 157 171 246 255 288 329 369 371 412 465 474 509 586 681 712 715 748 754 777 831 909
7 41 120 129 137 142 163 376 387 503 529 537 551 570 601 609 618 654 707 724 774 820 821 842 851 875 896 899 986 991
100 199 207 232 249 253 262 352 354 432 467 495 549 573 604 640 641 692 702 725 728 757 828 931
54 95 138 192 252 258 273 281 321 404 449 458 515 651 661 683 732 741 764 780 792 818 908 922 936 944 952 964
61 72 235 238 278 287 303 308 320 333 334 351 370 493 579 699 800 805 810 854 862 929 967
23 70 82 88 116 134 324 365 375 461 469 485 525 532 540 657 706 794 843 857 880 887
21 109
58 204 220 366 518 552 567 613 766 769
44 162 169 242 301 364 597 698 742 829 833 938
36 63 92 96 168 251 266 322 346 413 426 455 512 565 607 722 861 863 919 994
4 5 32 49 52 295 527 560 627 740 838
59 230 419 437 535 595 626 694 954
62 234 265 634 803
6 24 68 167 203 209 282 283 284 330 336 385 390 417 530 600 605 606 630 645 714 730 759 778 779 795 815 834 837 839
19 78 154 205 229 289 337 374 392 497 514 516 555 580 591 598 628 704 749 791 844
87 170 359 422 425 468 479 553 581 620 686 703 747 797 809 848 873 893 930 959 992
8 20 22 64 76 113 179 183 332 399 408 409 451 480 542 546 558 603 624 659 675 697 746 762 798 802 898 906 917 918 924 925 928 989
150 233 342 680 721 726 786 819 865 881 912 966
34 38 48 50 133 177 181 221 231 248 394 438 454 462 502 577 615 668 682 770 790 824 877 921 942 960 976
158 245 277 294 492 611 638 684 752 827
45 47 69 101 141 200 201 206 218 228 240 267 271 276 318 391 481 487 500 572 589 590 602 619 662 705 776 785 823 858 923 926 990
35 39 55 112 130 166 178 184 259 339 363 380 423 459 466 521 523 571 676 691
28 51 117 208 236 269 270 285 383 389 397 400 418 424 446 533 674 678 693 731 734 826 853 891 892 915 943
37 210 340 416 433 450 463 470 508 656 660 808 812 830 849 904 911 914
12 118 124 125 128 197 263 291 379 386 388 447 482 488 494 504 536 538 541 550 625 632 633 688 701 709 758 788 811 817 836 874 939 947 961
