10144.35
38 103 113 139 207 245 274 303 309 431 437 495 502 532 577 636 683 757 783 799 807 869 872 901 967
95 180 196 310 320 342 458 607 614 642 674 718 730 841 960
61 66 224 244 301 354 461 523 573 623 675 680 721 726 742 768 833 888 964 970 992
74 104 249 257 297 375 462 501 578 629 649 673 697 727 743 770 809 892 930 982 999
2 78 177 256 258 383 465 488 503 529 579 633 651 739 749 774 813 836 915 942 991
81 141 248 427 557 605 647 705 773 870 945 969
11 14 91 276 290 323 367 394 425 555 630 665 677 702 761 831 862 935 966
15 109 281 292 327 370 395 428 505 563 637 679 691 716 762 814 871 938 971
436 553 618 703 735 753 879 956
423 606 707 728 855
19 26 217 296 333 371 442 516 565 627 659 692 698 724 764 823 875 943 974
79 123 337 449 588 602 638 663 714 760 897 958 985
16 25 50 64 83 157 172 227 260 286 308 322 330 346 416 446 489 520 525 541 695 786 792 830 894 910 979
10 18 85 120 179 211 262 389 468 496 507 531 590 634 652 750 754 819 846 909 944
62 77 143 199 202 251 314 352 414 537 544 626 645 706 741 854 962
40 94 105 116 150 160 183 215 242 284 336 350 363 366 445 459 498 518 547 556 658 759 800 803 808 848 907 926 990
30 49 68 112 154 163 226 268 279 291 313 369 372 377 382 417 466 477 564 566 600 684 785 810 861 893 914 918 934 989 996
24 42 87 130 131 135 187 205 233 271 413 484 506 559 616 625 668 733 806 821 863 896 908
41 97 108 117 153 171 219 241 252 285 305 349 358 364 374 460 463 479 517 551 558 678 802 818 849 903 912 976 994
8 32 69 121 142 152 209 247 280 312 324 432 438 480 508 535 582 686 784 790 822 856 877 902 968
192 452 540 581 685 715 740 771 843 937
56 96 124 176 186 214 264 400 469 478 509 543 593 635 661 752 769 824 847 917 955
99 136 198 201 311 343 411 528 533 620 694 696 737 845 961
6 31 55 82 155 166 213 230 278 300 317 373 378 379 388 424 470 482 568 574 604 687 796 812 838 864 919 922 948 993 998
93 129 339 347 454 598 612 641 669 717 839 959 997
21 35 70 144 146 255 282 304 315 338 433 453 486 511 536 585 689 787 791 826 883 884 904 973 977
13 45 54 59 84 156 170 216 218 232 293 328 381 384 390 391 430 473 493 575 583 608 690 801 825 853 867 900 923 947 1000
29 47 76 159 212 259 307 319 325 341 440 456 487 512 539 617 693 789 795 827 890 891 905 975 986
23 28 44 67 147 162 225 253 261 288 306 361 365 368 380 412 464 481 522 560 561 681 804 835 852 913 916 984 995
34 60 101 134 140 145 197 210 237 273 415 485 521 524 562 622 682 746 782 828 842 866 920
88 110 125 193 203 220 265 401 471 491 510 546 599 639 664 758 772 811 857 924 957
402
133 195 408 548 589 688 722 745 850 939
89 277 321 434 530 570 653 708 776 880 946 972
27 188 223 298 351 398 447 515 569 631 644 648 699 734 765 816 878 952 987
102 329 439 538 586 640 655 710 777 886 950 978
444 534 576 712 736 766 837 963
426 615 709 747 873
17 46 63 98 158 161 178 235 238 239 295 344 385 392 396 399 422 450 476 494 584 592 610 660 780 829 865 874 899 928 936
12 100 114 118 127 194 221 267 475 497 514 580 609 621 666 723 763 815 858 925 931
22 72 126 128 132 182 200 231 269 409 499 500 613 619 624 667 731 820 860 927 933
48 52 65 106 137 151 167 168 181 185 240 250 254 299 326 345 386 397 405 410 429 467 483 587 595 611 670 720 725 781 868 885 929 941
73 334 441 572 591 632 662 713 778 895 954 981
20 37 53 86 111 148 173 234 266 287 318 332 335 355 421 448 490 504 526 549 654 779 788 832 840 911 980
138 206 420 554 601 646 704 756 851 940
3 33 51 71 107 119 165 174 184 189 243 263 275 289 348 356 387 404 407 419 457 472 527 594 597 671 700 729 744 794 876 887 898 949
57 204 228 302 353 403 451 519 571 643 650 657 719 738 767 817 881 953 988
43 58 90 115 149 169 175 236 270 283 331 340 357 362 443 455 492 513 542 550 656 798 805 834 844 921 983
9 80 208 272 316 360 418 545 567 628 676 711 748 751 859 932 965
1 4 5 7 36 39 75 92 122 164 190 191 222 229 246 294 359 376 393 406 435 474 552 596 603 672 701 732 755 775 793 797 882 889 906 951
