9990.50
22 6 410 69 936 32 836 283 16 13 480 118 132 120 123 646 529 534 530 810 903 785 215 212 623
28 409 80 932 838 17 478 133 124 326 648 528 704 162 211 626
26 411 88 515 930 839 856 185 491 305 126 125 129 654 540 544 807 901 793 214 628
27 414 72 519 942 841 884 189 497 306 130 127 310 656 548 545 822 902 790 220 630
2 418 87 523 944 846 286 190 484 313 134 128 311 658 554 524 826 904 791 219 627
1 412 935 840 177 138 135 121 525 811 169 217
9 425 66 517 51 853 12 178 317 139 131 143 649 526 527 705 163 803 223 147
11 428 78 934 39 865 182 181 328 142 145 751 678 542 552 708 161 221 228 151
413 937 991 119 140 657 809 782 154
73 196 303 532 244
57 442 85 948 855 842 187 184 344 144 309 665 681 547 553 710 167 231 227
105 92 504 845 176 488 141 324 729 551 576 905 783 632
8 429 419 70 500 37 837 847 20 179 180 321 307 312 338 304 644 559 555 535 720 696 898 268 225 213
10 447 101 501 931 857 287 201 485 345 308 341 314 684 557 536 827 910 795 226 631
62 415 505 955 854 197 191 356 318 346 320 531 563 830 911 779 249 155
21 423 431 67 502 939 40 844 293 175 186 477 329 331 315 355 325 651 647 565 539 533 698 906 780 218 216 622
23 426 432 416 65 940 31 843 848 290 193 14 482 334 336 319 316 330 652 653 562 541 814 700 699 900 222 230 277 146
24 451 433 503 941 850 858 207 192 486 349 322 357 323 660 543 549 538 706 786 241 234 629
29 436 440 68 508 945 41 849 289 183 194 493 337 361 335 366 332 661 655 569 550 831 719 907 781 239 229 636
64 54 435 76 949 35 860 284 976 195 487 377 362 374 327 662 546 570 572 812 916 796 232 236 621
408 79 859 202 376 363 664 581 925 233
56 461 103 507 933 863 285 208 495 339 379 380 333 670 586 556 832 918 788 235 643
112 446 91 938 868 966 499 342 382 347 673 571 713 166 237 637
30 420 448 421 71 946 45 851 852 292 200 15 483 343 384 364 351 340 666 663 560 558 816 701 697 899 224 256 640 159
108 74 522 862 203 496 352 388 755 564 589 921 784 620
111 422 437 83 951 47 866 295 205 206 479 385 368 391 353 669 577 573 537 825 919 801 240 242 624
55 427 455 443 75 950 46 870 861 296 210 19 122 360 386 369 354 350 667 645 568 561 817 703 915 168 257 262 638 157
115 472 438 86 954 50 869 299 967 198 481 387 373 399 375 674 582 578 567 829 912 794 243 238 625
59 444 459 82 511 958 44 864 294 984 968 494 367 393 390 405 358 668 694 579 566 823 721 913 797 254 248 152
60 462 453 506 956 880 877 989 969 489 394 392 407 383 671 580 574 588 711 798 253 252 633
110 465 90 509 42 883 288 973 490 370 395 732 389 672 591 575 808 923 800 246 634
400
434 93 871 971 402 397 682 601 908 245
7 417 943 876 975 371 404 365 583 815 160 264
61 468 96 947 873 872 209 972 728 724 735 691 687 592 598 714 165 247 261
25 424 952 882 978 398 736 372 595 820 171 265
460 953 18 747 406 680 821 787 156
95 974 730 584 267
63 439 464 445 81 959 48 886 867 298 979 188 137 403 734 737 401 378 683 676 597 587 833 712 909 174 258 269 641 148
114 469 94 510 34 891 291 980 492 726 738 740 723 685 602 594 818 928 802 251 635
113 471 97 514 38 894 300 983 498 727 741 745 731 688 612 596 835 929 804 272 639
106 441 466 430 89 512 960 33 875 874 302 987 990 204 348 742 748 761 733 381 686 677 603 590 600 813 715 917 164 806 255 271 149 3
53 457 964 896 981 739 756 760 606 828 170 273
116 474 456 84 521 43 895 885 993 994 199 754 743 762 773 396 650 585 593 604 707 702 914 278 276 250
449 77 878 988 753 764 689 605 920 259
107 454 470 450 102 513 961 36 881 887 301 992 995 970 359 749 765 767 746 725 693 679 615 599 608 819 722 924 172 789 260 274 150 5
104 475 100 963 879 890 977 985 766 750 776 692 690 614 607 717 799 266 279
117 452 463 98 520 49 897 889 1000 996 965 769 752 768 777 744 675 617 609 610 709 716 922 275 281 263
109 473 516 957 888 986 997 771 758 778 136 619 613 834 926 805 280 158
4 58 458 476 467 99 518 962 52 892 893 297 999 998 982 759 772 763 770 774 757 775 695 659 618 616 611 824 718 927 173 792 270 282 642 153
