9694.71
404 406 730 737 741 748 761 762 764 765 767 768 770 774 118 126 130 134 139 142 144 307 308 318 62
789 792 780 781 794 797 806 785 796 801 786 788 798 800 802
596 600 604 608 610 611 528 544 545 555 563 565 569 571 573 578 579 590 593 599 54
609 613 616 534 540 548 554 557 570 586 591 602 612 614 525 526 542 547 551 560 6
564 568 583 592 595 597 603 606 615 618 559 562 577 582 585 617 529 531 543 546 28
227 234 236 242 252 261 279 217 223 228 244
909 917 924 915 697 698 699 719 721 702 716 696 706 711 704 705 708 710
713 714 717 718 703 712 715 722 700 701 707 709 720 825 810 812 808 818 457
158 150 153 148 149 157 159 143
5 3 151
835 807 822 826 827 830 832 834 811 815 820 821 828 809 813 819 824 816 817
245 247 255 259 260 266 270 222 224 257 258 218 239
479 481 480 486 487 489 490 492 498 484 485 495 478 491 497 499 488 496 14 15 19 188 204 970 982 180 198
580 619 673 648 657 680 659 645 676 677 679 646 647 653 655 662 663 669 674 694 660
169 164 172 173 174 168 899 900 898 906 907 912 913 914 922 903 916
183 976 984 989 993 1000 12 182 187 197 207 209 977 986 203 176 18 991 297 301 302 290 292 296 298 289 294 293 295
892 837 843 850 851 870 880 886 895 897 855 873 879 39 51 33 36 52 31 45 46 48 40 41 44 49 37 43 32 35 47
131 145 309 324 338 341 346 355 357 366 374 380 382 388 391 399 405 407 732 735 736 740 745
299 283 284 285 288 291 300 287 286 856 884 890 842 872 838 853 865 868 876 882 896 840 844 848 849 852 861 864 867
331 336 349 361 377 379 384 385 386 387 393 394 395 724 734 738 742 743 749 750 752 758 763 133 112
629 633 634 635 639 627 631 643 626
670 671 672 685 688 654 656 658 678 681 684 687 690 649 651 652 661 664 666 667 668
804 791 795 790 793 799 165 167 161 162 163 166 170 160 171
50 34 38 42 933 931 930 942 944 955 957 932 935 938 943 952 953 964 937 939 940 945 946 950 954 958 959 960 961 962 936
254 275 268 278 241 253 803 779 805 782 783 784 787
138 141 321 329 334 337 339 342 343 352 360 367 370 371 398 403 726 727 739 754 769 772 305 306 105
941 949 951 956 963 947 934 948 517 522 504 513 518 502 508 511 512 520 500 506 521 501 503 507 509 510 514 515 519 523 516
313 317 328 344 345 356 376 402 728 747 753 766 771 119 122 137 348 359 759 483 477 482 493 494 412
874 885 887 889 893 836 846 847 857 858 860 863 866 869 877 883 891 894 839 841 845 854 859 862 871 875 878 881 888
756 773 776 777 778 132 135 140 303 312 315 319 322 335 362 363 364 368 369 373 390 392 397
682 683 686 689 693 695 644 650 675 691 692 665 751 136 320 347 326 729 755 760 121
4
628 630 637 620 632 638 641 642 640
249 256 262 264 265 267 269 271 273 274 280
833 814 823 831 533 537 567 530 538 572 588 598 607 527 552 553 576 581 589
282 215 219 225 226 230 232 235 240 243 246
146 152 622 636 621 624 625 623
147 154 155 156
505 91 80 77 73 79 93 95 99 65 71 75 81 89 102 67 68 82 84 98 69 70 76 83 86 90 94 97 72 87 101 103
304 325 330 332 340 350 358 365 372 378 381 396 725 744 775 123 129 310 311 314 316
323 327 333 351 353 354 375 383 389 400 401 723 731 733 746 757 120 124 125 127 128
88 100 85 96 78 66 74 92 417 424 430 450 467 416 421 443 445 463 410 419 435 437 438 453 456 409 413 415 431 432 433 440 446 448 455 459
251 272 276 281 211 214 220 221 231 233 237
199 965 13 178 181 184 191 192 195 206 969 972 978 981 985 997 177 179 186 193 194 200 205 210 967 968 973
277 229 248 213 216 238 250 263 212 829
460 464 466 470 473 476 411 414 418 425 428 442 447 451 461 462 465 468 469 471 475 408 420 427 434 439 441 449 454 458 423 426 436 444 452 429 108
601 605 524 532 535 536 539 541 549 550 556 558 561 566 574 575 584 587 594
975 979 980 983 990 994 995 996 998 17 185 189 190 196 201 202 208 966 971 974 987 988 992 999 16 20 175
918 919 923 928 929 901 902 904 905 910 911 921 926 908 920 925 927
472 474 422 1 7 25 53 58 23 30 55 59 63 106 107 8 21 29 64 111 115 116 117 22 24 60 113 2 10 56 110 114 26 27 57 61 104 9 11 109
