9797.50
14 55 97 133 177 215 256 291 335 375 419 460 501 526 577 615 661 700 744 780 817 862 903 944 985
37 100 162 232 289 354 416 478 554 607 670 731 793 860 922 988
20 74 119 167 218 265 315 359 412 453 502 557 593 642 688 740 787 835 887 928 983
21 67 110 156 209 250 299 347 398 446 490 537 591 638 684 727 778 826 873 917 972
22 65 111 158 210 252 300 349 396 447 491 536 590 637 683 726 777 825 874 918 973
49 141 224 301 379 462 552 627 710 795 878 952
28 79 126 182 229 282 334 387 438 493 547 598 655 698 753 805 853 909 955
29 77 125 181 230 281 333 388 439 494 548 599 654 697 752 804 852 907 956
88 195 312 415 519 644 754 855 976
175 351 562 734 929
30 78 124 180 228 280 332 386 437 492 546 597 653 696 751 803 854 908 954
44 120 191 263 326 406 476 558 614 686 761 829 895 974
11 46 86 123 161 197 240 276 317 352 389 426 466 510 540 578 613 657 689 724 764 807 842 880 915 949 992
23 68 112 159 212 260 311 353 404 450 497 556 592 641 687 737 786 834 884 927 982
34 90 145 198 259 316 370 425 483 545 602 658 709 771 827 888 942 995
8 43 84 117 148 189 221 254 287 323 364 402 430 468 508 530 576 611 650 680 715 758 790 819 857 892 925 968
4 73 102 136 171 200 237 270 308 339 372 408 434 470 504 520 567 600 633 668 703 733 766 801 836 867 896 936 965 998
18 59 103 150 193 241 283 321 368 413 452 496 538 587 626 675 718 763 809 848 890 938 981
9 41 83 116 147 188 222 255 288 324 365 403 431 469 509 531 575 610 649 679 714 757 789 820 858 893 926 969
15 56 96 131 174 219 261 296 343 378 421 461 503 539 584 620 666 706 748 791 830 870 911 948 991
62 160 262 356 448 549 643 743 833 933
24 66 109 155 207 249 297 346 394 444 488 534 588 635 682 725 776 822 871 916 971
38 99 163 233 290 355 417 479 555 608 672 732 794 861 923 989
5 72 101 135 170 199 236 269 306 338 371 407 442 475 511 527 572 606 640 674 707 745 775 810 841 875 904 943 979
45 121 192 264 327 405 477 565 623 699 769 839 912 984
16 53 95 132 178 216 257 292 336 377 420 459 499 533 580 618 663 702 747 784 824 865 906 946 987
6 40 76 105 138 173 202 239 271 309 340 373 409 435 472 505 523 568 601 634 669 704 735 767 802 837 868 897 937 967 999
17 54 98 134 179 217 258 293 337 376 418 458 498 532 579 617 662 701 746 783 823 864 905 945 986
10 42 82 115 146 187 220 253 286 322 363 401 429 467 507 529 574 609 648 678 713 756 788 818 856 891 924 966 1000
19 60 104 144 190 231 275 320 366 411 449 495 525 583 622 671 712 762 806 847 889 934 980
25 69 113 157 208 251 298 348 395 445 489 535 589 636 685 728 779 828 877 921 978
517
70 168 266 360 454 563 646 738 831 931
50 140 225 302 380 463 553 628 711 796 879 953
31 81 129 185 235 284 329 384 432 486 542 594 651 694 750 798 849 901 951
51 143 227 305 383 465 560 631 717 800 883 960
89 196 313 414 518 645 755 859 977
176 350 561 736 930
7 39 75 106 137 172 201 238 272 310 341 374 410 436 471 506 524 570 604 639 673 705 741 773 808 838 869 899 940 975
26 63 108 154 206 247 295 345 391 441 485 522 582 624 676 722 774 816 866 914 963
27 64 107 153 205 246 294 344 390 440 484 521 581 625 677 723 772 815 863 913 961
2 36 61 94 122 152 186 214 245 274 307 331 367 393 423 457 482 516 544 573 605 632 665 691 721 760 785 814 845 876 902 939 964 993
52 142 226 304 382 464 559 630 716 799 882 959
12 47 92 127 164 203 243 277 318 357 397 427 473 512 550 585 616 659 692 729 768 811 844 885 919 957 996
71 169 267 361 456 564 647 739 832 932
3 58 87 118 149 183 211 242 273 303 328 362 392 422 451 480 515 541 571 603 629 664 690 719 759 781 813 843 872 898 935 962 990
32 80 130 184 234 285 330 385 433 487 543 595 652 695 749 797 850 900 950
13 48 93 128 165 204 244 278 319 358 399 428 474 513 551 586 619 660 693 730 770 812 846 886 920 958 997
35 91 151 213 268 325 381 443 500 566 612 667 720 782 840 894 947
1 33 57 85 114 139 166 194 223 248 279 314 342 369 400 424 455 481 514 528 569 596 621 656 681 708 742 765 792 821 851 881 910 941 970 994
