10928.00
1 51 101 151 201 251 301 351 401 451 501 551 601 651 701 751 801 851 901 951 438 795 683 509
2 52 102 152 202 252 302 352 402 452 502 552 602 652 702 752 802
3 53 103 153 203 253 303 353 403 453 503 553 603 653 703 753 803 853 903 953
4 54 104 154 204 254 304 354 404 454 504 554 604 654 704 754 804 854 904 954
5 55 105 155 205 255 305 355 405 455 505 555 605 655 705 755 805 855 905 955
6 56 106 156 206 256 306 356 406 456 506 556 606
7 57 107 157 207 257 307 357 407 457 507 557 607 657 707 757 807 857 907 957
8 58 108 158 208 258 308 358 408 458 508 558 608 658 708 758 808 858 908 958
9 59 109 159 209 259 309 359 409
10 60 110 160 210
11 61 111 161 211 261 311 361 411 461 511 561 611 661 711 761 811 861 911 961
12 62 112 162 212 262 312 362 412 462 512 562 612 662 712
13 63 113 163 213 263 313 363 413 463 513 563 613 663 713 763 813 863 913 963 937 460 986 893 786 693
14 64 114 164 214 264 314 364 414 464 514 564 614 664 714 764 814 864 914 964 684
15 65 115 165 215 265 315 365 415 465 515 565 615 665 715 765 815 865 915
16 66 116 166 216 266 316 366 416 466 516 566 616 666 716 766 816 866 916 966 838 987 971 410 771 587 633 487
17 67 117 167 217 267 317 367 417 467 517 567 617 667 717 767 817 867 917 967 482 282 688 859 883 659 721 310 999
18 68 118 168 218 268 318 368 418 468 518 568 618 668 718 768 818 868 918 968 806 645
19 69 119 169 219 269 319 369 419 469 519 569 619 669 719 769 819 869 919 969 788 959 488 993 360 912 743 459
20 70 120 170 220 270 320 370 420 470 520 570 620 670 720 770 820 870 920 970 833 886 784 775
21 71 121 171 221 271 321 371 421 471 521
22 72 122 172 222 272 322 372 422 472 522 572 622 672 722 772 822 872 922 972 595
23 73 123 173 223 273 323 373 423 473 523 573 623 673 723 773 823
24 74 124 174 224 274 324 374 424 474 524 574 624 674 724 774 824 874 924 974 382 888 660 510 737 936 975 756 923
25 75 125 175 225 275 325 375 425 475 525 575 625 675 725
26 76 126 176 226 276 326 376 426 476 526 576 626 676 726 776 826 876 926 976 132 388 671 902
27 77 127 177 227 277 327 377 427 477 527 577 627 677 727 777 827 877 927 977 332 860 638 809 895 906 836 862 686
28 78 128 178 228 278 328 378 428 478 528 578 628 678 728 778 828 878 928 978 984 884 559 812
29 79 129 179 229 279 329 379 429 479 529 579 629 679 729 779 829 879 929 979 760 182 787 821 856 338 734
30 80 130 180 230 280 330 380 430 480 530 580 630 680 730 780 830 880 930 980 843 621
31 81 131 181 231 281 331 381 431 481 531 581 631 681 731 781 831 881 931 981 571
32 82
33 83 133 183 233 283 333 383 433 483 533
34 84 134 184 234 284 334 384 434 484 534 584 634
35 85 135 185 235 285 335 385 435 485 535 585 635 685 735 785 835 885 935 985
36 86 136 186 236 286 336 386 436 486 536 586 636
37 87 137 187 237 287 337 387 437
38 88 138 188 238 260
39 89 139 189 239 289 339 389 439 489 539 589 639 689 739 789 839 889 939 989 432 910 710 887 945 845 609 793 706
40 90 140 190 240 290 340 390 440 490 540 590 640 690 740 790 840 890 940 990 965
41 91 141 191 241 291 341 391 441 491 541 591 641 691 741 791 841 891 941 991 852
42 92 142 192 242 292 342 392 442 492 542 592 642 692 742 792 842 892 942 992 932 732 632 960 738 588 983 871 934 733 695 736 288
43 93 143 193 243 293 343 393 443 493 543 593 643
44 94 144 194 244 294 344 394 444 494 544 594 644 694 744 794 844 894 944 994 909 921 687 745 973 583
45 95 145 195 245 295 345 395 445 495 545
46 96 146 196 246 296 346 396 446 496 546 596 646 696 746 796 846 896 946 996 832 682 532 938 232 560 995 709 783 962 875 825 656
47 97 147 197 247 297 347 397 447 497 547 597 647 697 747 797 847 897 947 997
48 98 148 198 248 298 348 398 448 498 548 598 648 698 748 798 848 898 948 998 538 759 943 834 537 762
49 99 149 199 249 299 349 399 449 499 549 599 649 699 749 799 849 899 949
50 100 150 200 250 300 350 400 450 500 550 600 650 700 750 800 850 900 950 1000 982 882 782 582 988 810 610 837 933 956 637 925 952 873
