95452.00
619 580 546 543 531 529 617 585 582 577 562 559 618 615 606 603 597 595 592 583
848 844 840 896 882 876 868 865 853 838 872 842 890 884 856 286 287 300 291 288
141 138 133 763 758 752 750 749 743 742 738 734 724 395 394 393 387 386 385 384
379 377 361 349 336 331 318 308 307 144 142 139 134 130 126 118 774 770 768 767
765 764 762 761 748 741 737 730 406 404 397 392 390 373 369 368 364 363 362 335
507 503 501 521 506 500 520 512 511 508 502 518 513 504 522 517 948 934 947 963
973 968 967 210 205 200 194 193 186 179 177 997 985 981 978 972 969 206 195 192
191 184 181 178 13 965 199 198 180 982 970 204 188 19 15 14 496 488 499 497
420 408 475 471 469 468 465 462 461 451 447 442 428 425 418 414 411 476 473 470
115 111 64 29 21 8 107 106 63 59 55 30 23 58 53 25 7 1 108 105
491 478 495 485 484 498 492 490 489 487 486 480 481 479 494 493 482 477 483 759
870 851 850 843 837 892 888 881 878 875 871 862 859 854 845 841 839 894 891 883
601 589 581 576 553 552 527 607 598 588 572 538 530 567 537 533 831 823 814 833
322 319 315 312 303 140 135 132 778 777 776 773 756 745 740 736 735 732 407 405
977 209 207 197 187 182 12 1000 993 989 984 976 183 175 20 16 999 992 988 987
705 704 711 706 696 716 702 721 719 699 698 697 915 924 917 909 927 925 920 908
793 790 795 791 804 802 800 798 788 786 801 796 785 806 797 794 781 780 792 789
668 667 666 664 661 652 651 649 690 687 684 681 678 658 656 654 688 685 672 671
926 921 911 910 905 904 902 901 929 928 923 919 918 916 903 922 914 913 912 907
568 564 560 551 547 542 526 525 614 612 602 591 586 570 557 554 548 540 534 616
410 463 445 443 421 416 467 450 430 424 417 412 457 92 74 66 78 96 85 100
399 391 388 382 380 374 366 357 355 346 341 338 324 309 145 131 128 127 125 124
285 284 283 299 295 293 294 289 298 296 292 290 302 301 297 991 18 176 203 986
787 784 783 782 805 779 803 253 241 278 268 275 254 239 218 258 257 224 222 270
877 869 866 863 860 858 857 847 846 836 893 889 887 885 874 867 864 861 852 849
613 609 599 593 590 579 578 573 571 569 565 563 555 545 544 528 611 610 608 604
266 260 259 255 247 245 237 233 231 221 220 214 211 281 276 272 251 246 243 240
600 596 594 587 584 575 574 566 561 558 556 550 549 541 539 536 535 532 524 605
906 898 900 899 168 174 173 172 164 169 171 160 170 166 163 162 161 167 165 799
670 660 694 674 669 663 662 655 653 647 646 679 677 676 645 659 680 657 648 673
120 757 746 733 731 723 401 400 389 383 375 354 353 351 333 327 323 316 314 311
62 109 11 9 104 61 57 27 26 114 110 56 10 2 113 60 24 22 117 116
88 103 101 87 72 97 94 90 86 83 76 70 69 98 84 82 68 67 102 89
956 951 949 941 936 962 961 960 959 958 954 950 946 945 940 939 937 964 953 952
359 348 137 122 119 771 766 753 747 728 402 376 356 345 344 328 317 313 306 305
943 938 935 932 957 955 944 942 930 931 933 42 38 34 50 47 35 32 43 37
466 464 460 459 455 448 446 440 433 432 431 415 413 409 456 453 438 437 435 419
112 28 6 54 422 474 472 429 452 444 436 426 423 458 454 449 441 439 434 427
235 232 230 226 225 219 215 282 280 274 273 271 269 267 265 264 262 256 249 244
310 129 123 775 744 725 396 381 378 372 365 358 350 340 332 330 325 304 121 760
755 729 326 347 320 136 751 143 665 692 691 675 650 644 695 693 689 686 683 682
228 223 217 279 261 252 242 236 234 227 212 263 250 238 216 213 248 229 277 640
49 44 41 40 48 46 45 31 52 36 33 51 39 879 873 855 897 895 886 880
817 816 824 819 813 809 828 821 820 815 811 834 832 830 827 826 822 807 835 818
81 75 71 65 99 95 93 79 73 77 80 91 505 516 523 519 515 514 510 509
642 641 638 632 620 637 630 628 626 643 631 627 639 635 634 633 629 623 625 624
772 769 754 739 727 726 403 398 371 370 367 360 352 343 342 339 337 334 329 321
808 812 810 825 829 720 709 707 701 700 722 715 712 703 718 717 714 713 710 708
974 971 966 208 202 201 196 190 189 185 17 998 996 995 994 990 983 980 979 975
621 636 622 152 146 159 157 149 148 153 150 158 156 155 154 147 151 3 5 4
