9550.00
415 36 847 988 994 484 122 142 362 748 526 557 565 823 834 835 700 170 806 787 233 260 159 148
453 443 83 89 963 294 481 335 131 690 591 550 566 610 533 567
464 92 40 895 844 876 13 398 368 357 751 694 580 816 833 818 812 703 704 790 243
103 76 77 511 889 301 205 982 499 477 144 391 405 746 593 907 922 165 789 263 636
23 7 446 448 854 198 486 317 339 135 374 330 673 571 536 541 256 262 261 624 158
11 58 434 465 468 435 961 43 852 293 770 725 530
22 429 475 96 93 80 510 958 962 47 838 992 19 478 498 394 373 407 353 706
94 35 850 883 191 379 386 606 563 587 594 604 553 605 707 217 249 212 238
463 518 857 175 190 179 983 723 900
45 914 220 642 620
501 507 52 892 848 185 195 753 371 139 614 822 716 161 239 222 225 264 156
954 839 846 283 177 186 772 127 661 666 667 904 803 625
53 39 845 867 497 479 305 771 130 762 382 136 675 649 681 663 645 569 821 172 169 788 794 783 269 277
57 114 113 408 427 445 417 424 513 945 897 872 209 348 367 726 387 341 732 123 365 616
87 95 91 521 937 932 931 843 870 984 201 987 210 141 401 665 564 718
27 29 64 30 59 436 78 101 520 38 37 881 286 977 990 343 126 750 758 132 303 406 320 684 687 615 586 612 825
461 466 85 959 879 841 859 885 865 288 16 360 380 400 733 670 655 600 711 698 697 911 926 162 166 798 784 633 3
21 441 455 99 858 979 204 403 664 682 686 543 568 595 597 537 820 796 253 276 628 4
8 459 460 505 960 836 869 894 890 197 998 138 336 529 562 573 556 572 809 915 902 164 171 163 799 785 258 270
112 422 426 947 940 942 32 50 49 46 849 996 15 736 316 351 354 389 350 678 561 575 918 899 622
25 439 428 97 946 289 200 985 728 747 304
935 42 986 184 133 754 118 349 738 742 677 547 560 599 705 721 920 623 146 5
56 107 414 79 285 296 989 980 727 745 534 832 810 919 281 631
61 451 421 457 82 65 44 971 480 494 483 752 404 124 773 383 326 685 646 674 603 539 831 828 826 830 916 906 913 804
504 938 837 973 482 759 313 384 393 322 311 582 720 155
473 73 508 955 34 863 966 306 764 651 531 585 592 814 793 278 257 221 232 246 272 228 630 157
109 469 471 419 90 930 944 933 48 860 290 182 1000 361 377 395 749 145 388 735 323 555 923 173 160 802 268 254 230 632
110 444 418 102 514 506 522 952 851 888 874 193 14 487 492 376 774 355 695 656 546 558 782 211 245
6 454 458 411 438 450 203 20 981 199 337 358 760 668 559 602 811 829 701 927 929 898 786 801 797 779 275 640
9 26 100 86 957 33 873 896 397 761 121 396 755 683 660 574 538 607 824 715 722 928 274
2 423 447 72 67 936 943 970 399 692 652 688 619 617 699 903 280 282 213 639 621
104 108
10 472 425 51 886 840 853 291 300 187 219
181 965 352 312 369 554 579 589 598 815 227 151
115 1 474 420 470 66 88 68 500 512 295 328 769 308 763 315 768 366 650 251
31 292 485 319 730 309 654 909 924 910 629 152
433 412 964 298 390 392 756 340 672
24 60 116 117 55 106
449 413 951 939 953 855 871 877 887 856 287 196 192 496 134 743 346 129 757 644 583 618 548 570 524 712 708 795 780 214
515 519 950 893 302 176 993 17 974 194 178 321 318 333 658 540 709 259 266 235 154
462 69 502 878 861 488 495 342 307 363 778 327 775 693 648 577 532 917 800 241 224
28 431 416 71 880 868 991 180 334 734 364 741 765 128 731 372 662 676 680 551 590 596 576 581 601 813 231 273 236 242 637 627 643
111 105 452 442 432 476 891 999 968 969 997 359 344
84 516 509 948 875 975 206 978 491 724 381 744 691 669 657 528 611 702 925 905 791 237 226 244 216 229
189 140 776 314 584 713 634 149 153 147
63 410 437 430 467 70 75 503 941 949 956 866 884 12 202 995 188 490 119 331 385 125 324 375 332 347 689 653 545 807 710 717 168 167
517 934 862 183 967 777 310 729 679 578 613 552 817 696 912 805 267 234 252
54 409 74 81 41 842 208 338 740 325 378 671 525 549 608 588 827 719 901 921 174 247 215 271 250 150
62 440 456 98 523 284 18 207 976 137 345 356 402 766 329 370 739 714
864 882 299 297 972 489 493 737 767 120 143 647 659 542 544 609 535 527 819 808 908 781 792 218 255 240 223 265 279 248 638 641 626 635
