9588.50
646 145 600 217 310 353 869 763 855 260 319 290 477 886 992 975 259 500 833 415 460 885 54 399 475
245 179 775 986 723 331 274 389 34 729 724 461 414 653 864 884
786 158 850 244 79 816 149 227 586 14 46 206 265 479 879 968 504 520 197 513 175
269 289 159 347 799 631 678 277 660 92 973 803 874 91 90 770 618 467 385 516 892
728 130 234 235 827 168 807 392 374 355 999 966 673 993 546 47 533 30 437 107 739
5 863 698 686 302 85 579 419 507 404 59 10
692 882 400 82 560 219 418 144 811 656 176 2 889 27 725 62 66 871 682 117
370 941 191 527 590 431 800 65 854 922 182 1000 109 293 508 809 63 39 492
324 697 44 856 138 100 972 53 481
793 335 125 735 734
238 696 156 637 694 685 789 233 171 614 837 942 196 132 468 189 813 948 126
801 663 123 272 932 924 960 70 211 904 979 108 141 612
627 162 304 746 606 163 819 664 802 921 669 598 300 597 263 866 963 224 927 774 666 607 483 847 58 336
529 593 576 270 844 571 210 651 188 491 317 989 619 147 946 592 333 496 848 129 441
714 364 820 490 528 996 52 985 878 756 541 540 436 368 465 93 106 472
261 767 615 908 223 680 170 334 200 358 152 780 174 249 402 998 804 84 13 519 251 944 888 22 443 842 990 502
148 530 599 213 207 591 556 564 903 641 594 190 366 689 707 294 750 757 99 303 405 751 115 131 23 994 971 40 426 420
684 742 636 988 891 611 121 575 494 285 779 744 524 15 818 391 565 890 509 283 178 424 83
137 119 718 911 687 205 532 482 821 784 257 558 604 230 740 670 16 951 974 794 57 250 691 569 476 25 397 845
704 581 296 562 894 828 568 292 675 708 783 377 365 192 316 543 582 71 411 872 440 425 510 429 457
573 861 284 139 26 839 769 875 35 29 17
252 406 928 630 585 834 86 965 978 574 315 340 474 853 644 601 909 343 830 846 383
690 788 173 489 322 862 616 362 446 484 815 931 41 203 78 952
375 384 398 394 584 165 841 567 68 671 268 822 603 373 768 832 172 209 897 218 759 372 840 511 38 45 455 499 950 940
153 721 790 271 128 43 677 393 287 849 19 299 762 55
536 825 738 672 753 715 805 395 701 480 808 97 80 710 236 896 61 73 410 114 98 354 113 939 679
900 771 407 225 338 229 37 12 961 967 912 703 553 650 74 166 521 378 157 36 852 421 448 75 709 745 633 447 413 76
588 727 795 360 542 371 401 220 957 357 506 652 953 674 876 945 301 470 201 21 488 439 920 838 747
187 349 741 823 390 266 143 351 880 298 657 346 306 64 534 831 103 318 8 94 458 595 180 28 6 20 505 452 412
917 551 796 655 662 525 610 776 926 127 382 328 933 433 518 195 764 445 935 267 469 943 462
587 262 639 194 253 700 545 160 929 624 140 683 563 442 860 456 454 463 835 451 605
4
905 555 712 177 930 733 958 11 111 105 449
239 330 535 325 711 544 547 654 202 208 307 77
221 719 748 717 485 550 255 422 628 242 642 72 647 215 388 133 430 9 95
241 517 602 557 699 824 164 572 537 367 676 122
486 617 964 749 865 60 118 286 497
254 898 146 345 977
548 359 596 702 552 142 323 264 731 361 387 984 962 826 185 88 623 273 566 765 870 193 629 427 938 857 976 7 473 327
212 577 632 797 167 136 937 609 649 309 275 341 695 969 379 772 947 867 417 104 910
222 716 321 279 899 589 232 161 33 295 498 396 96 916 471 580 478 970 69 720 42
288 493 154 688 282 681 237 135 785 918 231 925 320 559 645 248 913 18 625 495 183 352 314 278 48 877 363 204 49 515 416 893 305
902 281 798 583 312 246 256 914 198 435 243 512
661 226 858 51 438 487 755 311 380 722 923 56 423 459 348 67 648 313 297 453 291 743 982 409 934 732 466
240 640 829 381 134 531 228 754 621 570
758 549 169 216 350 342 151 773 280 635 526 87 883 608 997 329 643 981 668 276 578 895 726 737 112 787 613 791 812 873 464 102 503
554 634 344 626 89 887 991 906 31 851 1 956 843 116 522 81 24 32 428 403
620 622 155 736 101 538 806 761 713 247 120 186 184 50 915 523 667 258 124 817 376 444 332 434 659 955
356 214 781 792 901 326 995 814 150 907 760 782 919 561 693 501 868
638 3 706 752 777 983 308 386 339 980 514 949 450 778 199 859 810 836 369 705 337 539 881 730 408 665 766 954 658 936 432 110 959 181 987
