9807.81
987 942 903 862 822 778 736 704 665 621 582 539 498 440 419 375 336 295 254 212 166 134 93 51 10
966 901 836 772 714 649 584 519 467 396 333 274 204 146 83 16
981 931 885 839 790 749 696 645 601 551 509 463 414 364 317 266 219 174 127 75 31
980 930 884 842 793 748 695 644 600 550 508 462 413 363 316 268 221 177 123 72 28
979 929 883 841 792 747 699 648 604 549 507 461 412 367 320 264 217 173 124 74 30
949 869 785 705 622 540 470 379 298 213 136 58
973 919 871 816 766 720 669 613 567 515 452 403 350 305 247 197 151 97 42
972 922 874 815 769 719 668 612 565 513 450 401 353 303 250 200 149 101 46
913 806 686 577 474 343 236 119 13
848 657 479 278 95
971 921 873 819 765 718 667 611 566 514 451 402 354 304 246 196 150 100 45
960 882 813 750 675 605 531 466 390 321 244 181 106 36
990 952 907 876 830 798 760 723 681 638 607 573 534 493 444 423 384 339 308 263 233 192 155 113 71 40 7
978 936 890 833 786 742 694 643 599 548 506 460 409 362 315 269 223 178 130 79 34
968 911 855 804 744 685 631 576 518 457 399 341 285 234 171 115 61 4
993 957 916 879 849 812 775 738 710 673 634 594 569 526 489 445 425 389 349 312 282 243 207 170 142 105 67 27
997 961 925 895 859 824 794 756 729 691 661 626 590 557 521 485 435 428 391 356 325 287 255 222 187 157 117 87 53 19
983 941 899 853 807 764 722 678 633 589 545 503 455 417 372 330 283 238 194 152 109 64 24
992 956 918 881 851 810 774 737 709 672 636 596 571 528 491 448 427 388 348 311 281 242 206 169 141 104 66 26 2
986 943 905 864 821 777 735 703 664 620 581 538 497 439 418 376 337 296 253 211 167 135 94 52 11
939 846 752 653 555 476 368 275 183 84
977 935 889 835 788 741 693 642 598 547 505 459 408 361 314 270 225 179 129 78 33
965 902 837 773 715 650 585 520 468 397 332 272 203 145 82 15
996 964 928 894 858 825 795 757 726 688 659 629 592 559 523 487 437 430 393 358 327 290 258 226 188 158 120 89 55 21
959 891 814 751 676 606 532 469 395 322 245 182 107 37
985 944 904 863 820 780 734 702 663 619 580 537 496 442 421 374 335 294 252 209 165 133 92 50 9
995 963 927 897 857 826 796 758 727 689 658 628 593 560 524 488 438 431 394 359 328 289 257 228 190 160 122 88 54 20
984 945 906 865 823 779 733 701 662 618 579 536 495 441 420 373 334 293 251 208 164 132 91 49 8
991 958 917 880 850 811 776 739 711 674 635 595 570 527 490 447 426 387 347 310 280 241 205 168 140 103 65 25 1
982 940 898 852 808 763 721 677 632 588 544 502 454 416 371 331 284 239 195 153 108 63 23
976 934 888 834 787 740 692 641 597 546 504 458 407 360 313 271 224 180 128 77 35
484
938 845 753 654 556 477 369 276 184 85
948 868 784 706 623 541 471 380 299 214 139 57
970 920 872 818 768 717 666 615 564 512 449 400 352 302 249 199 148 99 44
947 867 783 708 625 543 473 382 301 216 138 60
912 805 687 578 475 344 237 118 12
847 656 480 279 96
994 962 926 896 856 827 797 759 728 690 660 627 591 558 522 486 436 429 392 357 326 288 256 227 189 159 121 90 56 22
975 933 887 838 789 746 698 647 603 553 511 465 411 366 319 265 218 176 126 73 29
974 932 886 840 791 745 697 646 602 552 510 464 410 365 318 267 220 175 125 76 32
999 950 914 892 860 828 801 770 731 712 679 651 616 586 562 529 500 482 432 405 378 346 324 292 260 231 202 163 144 111 81 48 18
946 866 782 707 624 542 472 381 300 215 137 59
989 954 909 878 832 800 762 725 683 640 609 572 533 492 443 422 383 338 307 261 229 191 154 112 70 39 6
937 844 754 655 561 478 370 277 185 86
998 951 915 893 861 829 802 771 732 713 680 652 617 587 563 530 501 483 433 406 377 345 323 291 259 230 201 162 143 110 80 47 17
969 923 875 817 767 716 670 614 568 516 453 404 351 306 248 198 147 98 43
988 953 908 877 831 799 761 724 682 639 608 574 535 494 446 424 385 340 309 262 232 193 156 114 69 38 3
967 910 854 803 743 684 630 575 517 456 398 342 286 235 172 116 62 5
1000 955 924 900 870 843 809 781 755 730 700 671 637 610 583 554 525 499 481 434 415 386 355 329 297 273 240 210 186 161 131 102 68 41 14
