9550.93
767 39 342 713 867 205 498 571 821 916 834 311 803 41 430 291 136 117 23 189 531 595 59 975 203
184 251 312 580 603 40 90 503 944 510 985 697 817 429 779 432
175 785 711 215 320 409 73 616 655 548 854 141 199 135 738 307 876 471 147 756 537
682 163 108 814 949 754 250 911 811 993 992 907 478 853 1000 597 160 338 245 745 439
619 872 581 159 950 588 530 734 92 495 887 759 533 555 330 372 162 824 763 476 881
919 914 589 96 238 878 329 741 220 825 837 146
906 685 720 157 818 656 567 850 760 282 369 496 293 240 963 922 746 70 119
639 534 614 460 267 774 253 214 706 988 176 413 596 365 708 269 611 715 410
472 643 464 69 128 449 458 800 145
928 277 173 279 602
705 998 398 417 690 465 408 839 899 414 318 337 469 882 420 908 81 443 88 843
298 617 272 44 879 893 929 657 441 165 339 590 901 350
348 392 798 924 168 393 972 321 807 884 606 918 632 243 195 649 797 820 202 74 209 666 804 684 13 444
547 219 551 25 463 33 795 637 227 308 526 16 297 550 61 898 236 522 480 781 885
29 322 858 379 46 63 139 564 974 674 675 26 511 976 608 171 871 748
883 926 280 659 712 996 143 15 58 587 505 815 335 225 24 221 124 913 703 786 859 75 451 14 591 933 799 642
351 969 888 509 699 629 377 388 484 416 599 979 60 609 694 226 190 968 630 296 127 268 241 910 113 284 951 826 111 737
877 483 896 487 385 532 565 275 625 527 405 838 325 809 966 314 428 138 945 440 891 978 842
562 475 857 186 647 216 345 229 846 427 237 601 79 615 592 633 423 404 823 733 598 87 38 584 576 714 256 78
223 989 121 248 27 230 717 107 847 172 10 180 554 865 371 130 340 42 66 661 411 751 21 156 53
115 761 403 357 418 556 973 105 667 866 11
796 543 98 497 561 718 773 194 336 222 378 729 327 349 407 356 473 489 303 187 669
739 71 980 971 618 788 106 704 415 198 716 57 247 962 855 631
389 204 912 390 305 560 783 273 880 317 810 934 486 434 812 686 83 518 315 332 932 612 72 920 386 750 947 134 457 695
516 822 875 743 300 956 207 626 485 535 755 650 255 324
91 360 757 400 678 942 955 2 51 792 376 691 688 833 490 930 366 7 575 181 607 19 125 892 936
816 621 399 56 217 653 101 519 864 289 302 352 927 730 862 18 304 991 270 103 306 999 112 683 903 662 909 672 192 541
179 845 605 488 346 37 249 931 197 508 680 437 436 670 687 572 528 178 254 438 64 784 283 435 313
288 211 681 286 278 578 868 776 829 870 536 494 347 987 233 114 150 627 585 266 512 12 851 524 68 525 426 946
84 749 844 126 287 174 355 517 651 31 387 331 954 789 86 191 169 421 727 99 213 323 579
34 43 353 109 791 89 735 624 806 258 514 967 499 364 148 725 997 863 343 137 563
5
45 110 97 309 167 4 604 577 448 208
698 422 261 493 594 840 801 328 257 546 281 923
116 402 775 765 334 654 894 95 758 544 48 47 939 433 886 380 3 573 100
828 831 915 965 700 904 752 835 294 777 370 155
122 263 94 341 905 724 462 9 446
164 771 782 239 259
290 28 719 644 479 937 466 832 586 231 262 344 515 17 118 538 520 183 123 362 668 55 252 549 133 990 728 952 793 660
689 152 501 702 450 383 805 648 983 897 384 836 623 445 32 628 696 507 77 542 769
652 640 419 593 391 406 196 874 921 158 442 264 153 455 456 723 736 861 301 65 260
467 523 568 358 852 453 873 271 787 396 491 374 246 641 319 276 710 557 671 808 170 224 570 93 447 381 394 474 244 166 665 635 848
634 742 790 721 977 368 36 664 477 274 646 161
49 869 285 895 363 102 902 622 830 770 502 764 326 151 401 982 707 676 553 529 149 545 693 228 454 701
566 425 540 177 182 948 959 30 310 452 431
772 610 994 82 600 970 813 52 539 50 960 234 62 513 658 206 582 22 521 492 941 333 574 131 54 482 645 142 732 397 481 504 953 210
957 200 726 762 943 613 638 890 242 558 154 212 986 218 740 468 620 827 76
120 395 663 354 780 849 299 367 506 412 8 85 692 841 802 889 747 373 1 768 185 995 860 470 964 361 67
292 583 459 232 935 104 6 35 359 20 673 316 984 80 382 679 981 753
144 552 636 461 940 744 295 677 917 559 500 709 856 132 961 140 819 731 235 201 722 193 424 265 958 766 129 925 794 778 375 900 188 938 569
