9616.45
24 45 141 192 217 220 264 286 294 302 327 442 454 476 496 591 632 671 692 725 727 749 933 937 954
16 39 145 163 198 287 320 373 378 432 473 588 682 695 716 867
180 267 290 303 304 306 400 402 406 451 517 553 603 616 633 746 765 801 802 835 894
27 37 60 114 229 260 341 352 395 503 515 568 640 708 737 739 784 812 817 897 965
17 98 233 274 386 574 579 580 581 645 666 698 702 792 814 822 836 841 923 997
36 138 161 242 282 310 490 531 571 642 675 856
14 62 63 75 113 183 185 281 365 368 570 644 656 771 773 839 864 938 943 975
119 167 177 271 324 403 429 455 461 584 598 647 700 732 756 768 781 799 979
244 447 487 500 508 617 868 877 988
549 567 606 622 786
18 19 151 193 238 364 532 545 597 639 788 833 840 843 845 901 906 910 942
56 67 188 215 332 407 416 621 663 816 898 899 921 929
59 149 154 166 321 335 340 348 366 537 594 619 627 641 674 731 757 759 772 803 808 829 847 932 956 968
109 136 137 142 147 169 230 295 298 307 330 382 434 558 664 852 857 871 879 913 931
15 48 94 101 110 164 342 344 371 379 422 556 794 940 952 959 983 999
4 30 47 85 88 112 117 213 251 259 270 323 437 458 475 593 687 694 699 736 743 758 820 869 880 881 930 993
38 46 104 131 182 228 240 325 338 351 377 410 474 484 488 501 525 536 626 668 673 676 719 721 730 795 796 876 973 985
8 20 69 209 250 367 391 412 472 491 497 605 625 659 690 713 726 774 866 888 924 925 980
74 80 90 156 184 204 208 223 231 280 285 308 312 361 444 498 504 562 718 720 723 782 791 826 859 904 926 977
11 21 71 160 219 234 246 331 415 427 466 521 609 669 697 767 790 844 865 887 903 908 911 939 961
7 343 360 418 441 443 469 477 566 691 834
87 128 222 237 333 336 372 383 399 420 481 482 510 524 535 577 665 734 821 858 893
172 205 239 299 329 376 409 448 538 688 754 783 892 978 984 998
26 33 50 81 99 121 126 130 171 201 218 241 291 318 394 401 435 563 585 667 679 715 798 824 890 900 919 941 974 994
72 254 350 389 495 527 600 630 729 760 872 896 912 991
1 25 57 93 133 159 168 190 236 247 261 315 322 358 374 380 384 390 480 704 813 874 895 946
54 82 123 132 175 266 275 301 421 428 449 514 533 578 601 648 649 662 703 707 709 711 717 752 828 884 902 907 986 992
10 32 66 134 176 187 225 227 268 337 345 349 413 457 459 528 541 550 614 680 710 753 848 948 964
9 12 35 53 55 77 89 206 211 313 424 425 439 483 494 499 518 560 618 637 686 693 763 789 837 873 950 970 990
115 148 170 195 257 339 353 385 417 433 470 548 677 684 740 785 830 886 918 967 976 987 989
92 103 181 196 221 258 269 278 430 436 544 575 612 651 653 654 733 742 807 920 1000
152
105 197 200 296 453 468 489 766 811 842 995
157 165 328 404 552 569 683 696 764 809 927 947
107 162 245 262 283 305 445 471 509 540 572 636 657 722 777 797 815 870 917
279 411 450 564 602 611 631 661 762 861 909 922
191 467 485 511 516 555 592 596 855
86 595 634 748 982
3 6 95 96 118 120 150 179 186 199 214 226 235 265 284 314 363 387 388 529 530 551 582 747 805 819 882 928 935
49 127 158 276 359 419 505 506 526 554 557 589 610 712 735 744 793 823 875 934 996
91 153 194 273 319 392 396 398 423 492 493 559 576 599 685 741 804 818 832 854 958
13 34 70 76 79 155 203 216 248 253 293 309 316 357 369 397 479 539 547 629 635 643 646 678 681 728 745 751 755 776 831 914 915
65 68 100 232 356 414 478 613 623 761 851 944
2 41 51 58 64 97 122 139 144 174 207 292 326 362 446 638 650 652 658 689 775 779 846 883 885 889 936
29 31 189 202 393 408 462 546 706 853 955
22 43 52 73 84 129 140 173 255 288 289 317 405 438 456 507 513 519 523 542 583 624 628 655 672 701 780 810 838 850 862 949 962 981
23 28 108 124 135 210 243 300 355 431 465 502 607 660 705 724 945 951 957 971
40 42 44 106 111 125 212 249 252 297 334 346 347 452 460 463 520 522 573 587 608 615 778 849 860 953 972
61 83 116 354 370 426 440 512 534 561 620 750 769 770 800 905 960 963
5 78 102 143 146 178 224 256 263 272 277 311 375 381 464 486 543 565 586 590 604 670 714 738 787 806 825 827 863 878 891 916 966 969
