9807.81
20 26 69 157 247 261 314 359 407 415 452 521 531 541 613 683 769 770 791 807 862 884 926 931 981
99 113 260 335 464 496 544 637 647 744 749 832 889 914 935 976
23 48 90 121 241 273 301 321 357 411 489 570 589 621 694 707 741 893 903 963 968
40 53 83 253 274 302 304 329 366 473 490 586 601 624 660 709 748 836 916 947 973
35 63 72 133 280 320 324 406 428 479 504 534 553 625 655 712 803 860 907 967 986
47 102 184 234 285 405 441 573 661 724 788 829
54 80 230 293 367 373 438 485 582 610 639 691 723 797 820 875 920 939 998
6 77 185 232 295 370 390 410 495 585 611 627 644 731 806 821 878 925 943
10 88 211 316 395 542 716 855 966
172 385 453 680 861
17 28 73 235 299 371 392 419 478 528 617 631 695 733 785 828 881 927 952
25 347 416 588 606 640 752 776 784 843 915 956 977 982
52 61 108 139 153 181 231 238 294 348 354 412 451 516 560 584 665 671 708 754 756 780 816 877 919 954 992
41 58 86 264 278 297 325 334 374 476 492 591 605 623 670 720 761 846 918 934 975
66 104 163 220 327 337 363 408 499 518 547 576 628 684 706 876 879 971
62 75 107 132 142 156 171 180 189 229 246 290 332 375 398 421 465 508 524 565 615 654 698 771 789 830 848 850 944
19 45 103 111 124 151 161 257 282 308 312 313 350 440 458 509 566 612 632 673 690 714 728 814 838 894 902 959 979 1000
64 170 222 228 343 378 380 450 475 482 505 596 597 622 678 721 762 824 886 896 945 984 997
8 81 109 119 135 144 158 169 190 198 248 251 292 340 383 403 443 468 511 532 569 618 656 699 792 826 849 851 955
27 70 129 159 175 255 279 431 444 506 543 549 593 686 732 759 772 774 795 822 871 890 908 930 985
131 174 186 249 393 455 530 677 867 949
32 101 106 194 203 265 326 338 442 481 527 540 629 662 715 730 758 779 863 912 948
14 60 95 183 266 362 460 545 620 653 750 775 834 885 922 932
12 46 100 115 125 147 167 188 215 258 315 317 318 358 432 449 510 574 614 638 648 649 717 747 823 839 853 904 960 980
7 15 136 209 268 277 467 572 603 743 773 837 924 951
84 110 118 146 217 259 286 305 310 409 426 483 520 536 546 599 668 735 790 818 854 911 933 972 999
31 85 116 127 154 165 182 204 218 219 319 328 331 365 402 433 454 514 525 575 641 651 657 718 831 841 865 905 958 983
16 42 98 114 126 152 223 245 306 311 413 436 477 500 539 580 609 682 736 804 835 856 859 921 978
21 89 140 150 164 196 199 213 272 296 307 330 389 445 469 512 535 559 571 658 697 726 766 787 827 844 870 957
29 91 160 177 224 244 342 381 382 430 471 493 595 600 636 681 702 764 819 840 895 940 989
30 49 94 176 200 267 341 414 480 513 548 552 633 663 722 729 737 763 805 847 913
349
145 168 193 256 387 459 538 676 874 941
50 82 191 236 288 388 427 578 664 734 798 825
79 240 283 352 368 400 435 474 491 529 604 643 650 796 809 888 909 953 995
34 67 192 242 291 391 434 579 666 738 800 810
56 96 208 214 323 394 526 696 897
173 384 456 659 852
44 78 117 128 155 162 187 225 239 322 336 344 372 423 446 515 533 561 602 619 642 652 703 753 845 868 910 961 970 990
18 37 55 97 138 205 269 346 397 418 486 517 554 598 634 669 700 755 782 857 898
43 59 87 141 210 271 355 404 425 487 522 557 607 635 674 701 760 783 858 906 991
5 24 39 71 197 201 212 275 281 356 361 396 417 466 472 498 501 555 556 583 679 689 704 757 765 777 793 811 842 891 929 964 969
38 68 195 252 300 399 439 590 667 742 802 812
1 11 13 51 92 122 130 143 148 233 250 298 351 461 519 564 587 672 710 727 740 781 817 866 923 946 987
120 179 262 386 448 567 645 864 899 936
3 22 36 65 202 206 207 227 254 276 376 377 424 429 470 484 503 550 563 592 646 693 705 725 746 767 778 799 815 872 883 901 938
93 243 284 360 369 401 422 437 497 577 608 626 675 801 813 892 917 937 996
33 57 105 134 137 149 178 237 263 289 353 447 457 523 568 594 685 713 739 745 751 794 833 869 928 950 988
9 74 166 221 333 339 364 420 488 502 551 581 630 687 711 873 882 974
2 4 76 112 123 216 226 270 287 303 309 345 379 462 463 494 507 537 558 562 616 688 692 719 768 786 808 880 887 900 942 962 965 993 994
