95452.00
529 531 543 546 580 619 559 562 577 582 585 617 525 526 542 547 551 560 564 568
887 889 893 838 853 865 868 876 882 896 842 872 856 884 890 286 287 283 284 285
754 769 772 118 126 130 134 139 142 144 307 308 318 331 336 349 361 377 379 384
385 386 387 393 394 395 724 734 738 742 743 749 750 752 758 763 132 135 140 303
312 315 319 322 335 362 363 364 368 369 373 390 392 397 404 406 730 737 741 748
509 510 514 500 506 521 502 508 511 512 520 504 513 518 517 522 934 948 947 936
968 973 975 979 980 983 990 994 995 996 998 13 178 181 184 191 192 195 206 969
972 978 981 985 997 180 198 199 965 14 15 19 188 204 970 982 488 496 478 491
454 458 411 414 418 425 428 442 447 451 461 462 465 468 469 471 475 409 413 415
29 64 111 115 116 117 23 30 55 59 63 106 107 1 7 25 53 58 105 108
497 499 484 485 495 480 486 487 489 490 492 498 479 481 477 482 493 494 483 119
870 880 886 895 897 839 841 845 854 859 862 871 875 878 881 888 892 836 846 847
552 553 576 581 589 601 605 530 538 572 588 598 607 533 537 567 831 814 823 816
761 762 764 765 767 768 770 774 120 124 125 127 128 131 145 309 324 338 341 346
182 187 197 207 209 977 986 16 20 175 183 976 984 989 993 1000 17 185 189 190
717 718 696 706 711 702 716 698 699 719 721 697 915 909 917 924 925 927 908 920
799 790 791 795 786 788 798 800 802 804 785 796 801 780 781 794 797 806 782 783
667 668 682 683 686 689 693 695 654 656 658 678 681 684 687 690 660 670 671 672
901 902 904 905 910 911 921 926 903 916 918 919 923 928 929 898 906 907 912 913
583 592 595 597 603 606 615 618 534 540 548 554 557 570 586 591 602 612 614 528
456 416 421 443 445 463 412 417 424 430 450 467 457 92 66 74 78 85 96 88
355 357 366 374 380 382 388 391 399 405 407 732 735 736 740 745 756 773 776 777
288 291 300 293 295 299 289 294 290 292 296 298 302 301 297 991 18 176 203 12
784 787 789 792 779 805 803 241 253 268 278 218 239 254 275 222 224 257 258 211
857 858 860 863 866 869 877 883 891 894 840 844 848 849 852 861 864 867 874 885
544 545 555 563 565 569 571 573 578 579 590 593 599 609 613 616 524 532 535 536
214 220 221 231 233 237 245 247 255 259 260 266 270 215 219 225 226 230 232 235
539 541 549 550 556 558 561 566 574 575 584 587 594 596 600 604 608 610 611 527
914 922 900 899 168 174 164 172 173 169 160 171 162 163 166 170 161 167 165 793
685 688 646 647 653 655 662 663 669 674 694 645 676 677 679 659 648 657 680 673
778 123 129 310 311 314 316 323 327 333 351 353 354 375 383 389 400 401 723 731
62 9 11 109 26 27 57 61 104 2 10 56 110 114 22 24 60 113 8 21
100 72 87 101 103 69 70 76 83 86 90 94 97 67 68 82 84 98 65 71
941 949 951 956 963 937 939 940 945 946 950 954 958 959 960 961 962 932 935 938
122 137 348 359 759 305 306 313 317 328 344 345 356 376 402 728 747 753 766 771
943 952 953 964 930 942 944 955 957 931 933 42 34 38 32 35 47 50 37 43
431 432 433 440 446 448 455 459 460 464 466 470 473 476 410 419 435 437 438 453
28 112 6 54 422 429 472 474 423 426 436 444 452 408 420 427 434 439 441 449
240 243 246 251 272 276 281 217 223 228 244 249 256 262 264 265 267 269 271 273
733 746 757 121 304 325 330 332 340 350 358 365 372 378 381 396 725 744 775 326
729 755 760 347 320 136 143 751 665 691 692 644 650 675 649 651 652 661 664 666
274 280 282 212 227 234 236 242 252 261 279 213 216 238 250 263 229 248 277 640
40 41 44 49 31 45 46 48 33 36 52 51 39 855 873 879 837 843 850 851
817 833 809 813 819 824 811 815 820 821 828 807 822 826 827 830 832 834 808 818
75 81 89 102 73 79 93 95 99 77 80 91 505 516 515 519 523 501 503 507
632 638 641 642 620 626 628 630 637 627 631 643 623 629 633 634 635 639 621 624
133 138 141 321 329 334 337 339 342 343 352 360 367 370 371 398 403 726 727 739
835 810 812 825 829 720 700 701 707 709 703 712 715 722 704 705 708 710 713 714
196 201 202 208 966 971 974 987 988 992 999 177 179 186 193 194 200 205 210 967
625 622 636 152 146 159 157 148 149 150 153 147 154 155 156 158 151 3 5 4
