9978.00
24 43 61 82 121 234 266 314 332 386 395 439 472 482 490 537 606 669 723 783 813 816 844 949 990
37 139 156 166 195 230 285 401 479 489 572 614 639 702 932 984
19 69 88 117 187 190 219 221 261 304 312 505 557 596 651 661 726 730 855 881 975
7 126 157 168 235 249 317 360 376 384 496 522 607 671 742 747 885 891 913 951 991
15 21 28 36 40 54 141 152 178 185 298 349 443 448 495 506 679 777 779 848 921 983
153 311 378 484 499 518 563 597 605 693 896 956
32 62 68 97 133 162 191 274 357 396 449 487 555 659 692 727 772 780 819 878
155 205 435 483 523 531 550 603 626 660 676 711 829 836 851 859 863 910 916
50 288 313 507 609 637 788 905 971
159 211 350 733 794
85 127 192 197 233 340 370 433 445 515 521 545 546 577 703 712 758 868 954 968
86 146 177 225 296 348 419 455 459 466 528 740 744 837
80 134 144 215 241 279 282 316 388 465 473 486 575 587 588 613 619 640 646 668 705 718 738 877 884 973
48 49 92 101 237 323 369 380 402 427 440 533 541 625 643 644 688 786 854 920 952
29 44 52 94 151 183 216 290 315 343 548 549 562 735 800 922 928
41 53 158 167 217 269 292 297 333 337 365 373 432 520 525 561 612 655 662 667 674 675 680 729 805 823 893 981
18 27 30 57 59 70 78 103 137 165 243 273 278 363 377 382 447 558 581 582 586 636 695 731 771 845 846 903 915 959
9 106 116 227 272 307 327 400 488 536 566 615 617 709 717 763 818 824 867 880 897 966 989
51 136 189 224 275 338 406 450 464 500 514 524 538 599 602 620 623 627 648 652 670 672 677 722 769 918 938 958
64 73 74 96 198 200 240 286 299 394 453 547 560 570 616 622 684 719 759 770 791 907 933 957 970
55 109 203 393 498 539 657 765 784 882 937
71 213 256 262 295 301 319 410 442 446 494 673 701 768 789 804 870 909 965 994 999
31 63 154 199 271 451 477 504 511 593 700 754 833 890 912 992
13 47 113 132 170 186 218 231 239 310 322 341 353 375 408 416 434 460 553 632 642 721 795 817 834 847 900 923 934
174 184 409 454 471 573 594 624 681 748 902 941 953 979
108 182 258 306 379 381 398 513 658 689 745 752 762 774 790 808 831 839 842 857 931 940 976 982 995
10 38 125 164 222 238 252 294 374 405 458 463 468 478 535 633 647 678 691 749 766 767 773 776 803 849 862 871 899 935
14 91 148 223 242 283 284 305 387 457 604 611 629 650 732 756 760 781 810 850 866 936 963 993
34 100 140 149 173 244 246 268 270 291 318 392 414 467 469 532 568 601 618 635 665 710 775 801 815 825 874
16 56 65 77 150 172 247 300 404 424 425 426 429 501 512 567 583 682 694 698 746 802 841
23 79 124 201 210 267 280 303 491 503 508 543 634 820 822 826 835 924 927 955 972
418 422
2 72 202 335 345 411 751 755 945 964 985
11 111 143 358 359 367 403 519 653 725 911 926 974
33 98 122 130 169 175 181 214 220 289 321 342 456 474 592 656 699 843 886
25 110 264 336 407 417 574 591 724 741 807 883 925
107 248 324 325 430 852 853 942 969
260 526 687 782 787
1 60 84 87 120 147 193 236 254 281 302 329 334 362 389 399 438 470 509 645 714 778 797 806 811 812 832 901 906 919
161 209 226 330 383 413 480 580 585 631 666 683 690 737 739 750 828 856 875 930 961
6 22 112 129 287 339 356 497 517 529 542 551 595 600 753 764 799 864 879 917 980
58 75 83 104 128 131 138 176 179 229 245 253 320 344 371 397 428 431 441 475 565 610 628 743 792 796 809 830 865 872 892 944 998
3 20 46 263 346 361 364 390 476 564 736 798
4 8 26 35 76 81 93 99 232 308 309 420 423 481 485 492 571 621 638 838 858 889 895 943 978 1000
95 114 119 163 250 251 351 516 584 861 986
90 102 115 135 188 204 206 257 276 347 366 368 415 437 461 502 510 530 554 578 589 590 630 649 664 686 713 785 869 888 914 929 967
89 180 208 265 391 444 452 544 552 559 569 654 708 757 840 860 887 894 904 947
5 12 42 45 67 145 160 228 259 277 326 352 436 493 579 598 663 720 761 827 898 946 948 987 997
66 123 142 194 328 385 412 421 462 641 685 696 697 704 734 821 873 960
17 39 105 118 171 196 207 212 255 293 331 354 355 372 527 534 540 556 576 608 706 707 715 716 728 793 814 876 908 939 950 962 977 988 996
