6277.38
67 82 221 293 331 368 388 433 442 479 500 512 541 574 587 632 
48 66 100 123 358 583 591 620 636 645 
26 213 230 262 307 336 379 391 410 429 449 462 554 582 600 614 
25 63 105 111 121 139 159 170 188 195 217 244 261 296 341 346 352 359 407 411 436 443 494 503 595 631 
24 52 58 107 143 160 197 198 337 363 418 434 483 538 572 653 657 
103 426 489 493 525 561 607 
44 183 228 234 258 532 559 580 585 617 
13 19 43 128 141 142 236 263 270 303 312 329 366 377 405 415 427 477 478 546 556 619 637 655 
9 14 22 37 59 74 90 112 126 134 150 164 175 215 220 291 344 376 492 495 593 623 629 659 
91 115 222 247 347 357 372 387 412 481 506 521 543 552 577 624 625 
193 314 353 440 453 468 662 
29 54 155 168 190 284 373 563 
45 53 68 95 102 158 178 211 232 279 306 308 318 444 469 497 504 507 518 526 592 609 635 
2 7 12 20 23 27 79 116 196 226 252 256 257 260 278 313 320 326 374 424 467 488 501 516 519 533 544 566 571 597 599 606 618 644 648 666 
75 130 137 167 214 248 271 304 343 420 459 470 486 540 
1 41 65 78 94 124 156 171 172 176 187 223 245 255 265 276 282 294 295 298 302 340 355 380 382 386 397 428 435 457 458 480 485 508 560 596 616 
33 81 93 165 169 191 218 240 243 275 400 401 425 487 536 550 610 626 
70 127 135 184 216 229 246 392 463 542 
3 34 51 55 61 86 122 186 192 235 269 315 364 395 413 445 450 460 471 505 513 528 590 611 639 650 658 664 
28 42 60 101 106 145 181 185 200 238 354 389 431 461 510 514 553 562 601 
18 73 108 109 146 148 163 173 199 233 249 267 299 300 323 328 330 371 390 398 452 473 490 498 509 524 531 537 545 555 567 579 634 640 646 665 
56 62 71 113 136 140 147 151 189 297 305 321 338 342 466 484 491 523 565 627 642 
15 154 319 456 527 539 557 
224 409 439 520 564 568 630 
99 129 157 166 206 212 227 241 272 277 289 301 316 333 414 446 475 482 522 547 569 581 641 654 
4 30 38 39 92 98 138 149 174 205 231 250 259 264 266 274 285 287 292 325 327 345 381 399 416 430 437 472 476 535 586 598 613 615 621 651 
11 50 97 114 118 120 133 210 251 268 286 290 310 311 334 339 351 360 375 417 419 423 441 451 464 474 530 534 548 549 558 576 602 608 633 643 
10 16 21 47 76 80 110 180 281 309 317 335 403 421 432 447 499 573 575 604 612 638 652 660 
6 49 96 104 194 280 288 404 406 465 
40 125 153 237 242 394 496 511 584 603 649 
31 36 72 77 83 85 87 88 131 144 179 202 203 209 219 225 253 273 322 349 362 393 408 438 448 454 502 570 589 594 622 628 663 
5 32 35 46 57 64 84 89 117 162 201 208 239 283 324 332 350 356 361 365 367 369 370 378 383 384 402 517 605 647 656 
8 17 69 119 132 152 161 177 182 204 207 254 348 385 396 422 455 515 529 551 578 588 661 
