11220.21
69 75 177 379 383 409 432 446 658 670 685 748 760 779 870 877 888 
52 101 102 113 168 176 178 230 234 332 354 376 437 499 503 599 654 678 702 718 754 755 785 821 836 
43 48 61 88 117 122 166 199 224 243 283 286 321 346 353 439 444 463 558 568 585 592 595 662 691 761 765 770 815 873 
290 587 626 632 638 866 
47 56 58 62 80 92 145 147 150 170 202 228 261 285 289 302 317 328 349 374 411 426 430 436 469 479 486 525 590 603 660 666 773 813 817 828 840 850 864 
35 51 76 108 125 128 235 242 249 293 294 306 325 390 420 542 553 594 598 600 613 618 629 644 671 673 680 710 720 721 736 764 774 
5 14 25 86 140 214 255 347 373 473 480 512 547 611 635 814 868 
31 53 54 72 111 184 200 216 240 316 358 389 404 424 433 517 526 601 614 652 664 688 714 734 737 759 771 795 843 851 891 
129 169 218 322 324 339 387 493 504 514 646 667 676 707 712 723 751 775 838 841 844 
36 103 574 591 648 690 709 768 806 825 879 
3 22 37 85 105 180 201 220 244 245 296 311 368 375 405 421 423 490 545 557 679 700 708 
81 173 189 194 215 287 314 326 329 415 466 498 527 534 539 565 569 584 677 704 735 772 783 789 886 
82 278 342 
30 115 237 320 460 513 536 556 617 674 830 852 
33 109 139 157 299 362 384 427 435 731 776 831 837 867 
1 77 95 96 100 112 114 152 154 183 211 221 265 281 313 380 403 410 443 467 477 491 537 560 586 637 645 743 822 848 889 
23 149 155 182 193 232 246 262 277 359 413 452 523 528 543 588 607 692 696 740 749 826 834 
13 21 46 59 70 104 160 167 238 257 263 272 300 305 310 318 372 378 422 442 449 455 464 478 501 508 572 624 636 639 659 668 689 715 733 808 839 855 861 
17 45 83 151 190 195 225 250 269 279 350 381 385 399 468 472 505 535 563 581 672 687 752 790 796 835 849 878 887 
2 7 18 90 107 110 123 133 172 217 248 276 297 315 391 448 471 475 488 495 631 650 803 818 854 856 869 882 883 
49 66 137 146 158 162 171 186 205 233 280 330 340 355 356 361 365 371 393 398 441 470 483 497 509 521 538 541 544 576 582 597 609 622 651 732 758 787 799 823 853 
93 161 209 241 266 303 408 500 507 519 570 605 729 788 812 
10 44 67 68 118 142 156 196 251 282 298 308 345 465 476 529 531 549 551 593 682 683 697 713 819 847 857 863 
11 12 20 89 165 191 210 264 312 334 412 487 496 628 656 698 739 810 816 
38 127 130 153 175 252 254 270 271 292 327 338 341 366 402 416 458 461 502 550 604 615 722 762 769 777 805 871 
16 71 87 91 106 126 164 174 188 226 247 256 335 337 367 386 518 546 548 555 559 579 616 621 630 675 681 699 778 846 858 
34 116 258 274 301 304 331 336 352 377 382 397 414 445 456 494 515 524 530 577 596 627 634 665 703 727 744 756 801 829 832 876 880 881 884 
4 57 98 138 187 309 348 510 516 540 554 561 728 793 802 875 
6 9 29 64 99 120 124 206 212 236 239 267 268 392 419 434 450 459 482 484 583 606 620 625 640 693 719 738 750 753 757 763 811 862 872 
26 60 79 119 121 136 148 229 295 307 360 369 400 406 418 481 511 589 610 633 649 663 717 726 746 747 794 797 807 824 865 
19 28 32 42 55 73 97 131 134 198 204 219 223 288 323 333 363 395 407 474 506 522 567 643 661 684 724 780 791 820 859 885 
8 15 24 65 78 84 163 181 185 203 208 213 231 253 259 275 319 428 438 447 462 485 492 533 562 566 641 711 725 742 767 800 890 
39 41 63 74 141 207 273 291 344 364 394 396 401 431 454 457 489 520 575 642 647 694 706 716 730 766 784 786 792 827 860 
27 40 135 143 159 179 192 222 260 284 343 357 388 417 425 440 451 453 573 580 602 612 623 657 686 705 745 781 798 809 833 842 845 
144 351 532 552 619 655 
50 94 132 197 227 370 429 564 571 578 608 653 669 695 701 741 782 804 874 
