12007.85
592 698 
145 261 444 604 839 
570 658 
12 101 205 356 492 601 770 879 
111 282 419 606 842 
14 234 546 629 840 
518 695 
147 257 465 612 825 
559 670 
142 296 450 639 808 
512 685 
73 389 679 
82 301 656 
58 339 669 
427 751 
60 299 423 625 837 
182 976 
126 270 412 602 828 
89 206 607 627 849 
3 334 574 640 810 
17 42 43 71 98 104 117 177 181 191 207 250 269 275 294 314 343 360 390 407 420 452 487 500 528 532 540 555 566 618 650 652 655 703 714 716 758 776 802 827 855 860 871 918 929 959 965 999 
24 41 46 94 95 108 120 155 157 174 203 223 283 289 297 304 328 359 366 378 413 466 490 495 502 505 578 583 597 622 631 674 690 708 726 759 778 789 822 830 861 873 877 901 936 968 988 995 
19 31 47 52 59 106 140 152 165 193 216 241 248 287 324 338 358 377 380 391 410 463 477 478 511 529 538 558 571 603 614 664 672 688 712 721 756 800 812 819 820 854 889 911 944 973 986 987 
2 36 65 77 121 129 133 151 164 204 237 265 267 327 344 365 369 386 406 414 426 497 506 517 527 594 598 608 630 665 702 713 738 745 766 767 804 864 875 886 912 923 945 982 998 
13 49 80 83 119 132 167 168 196 224 244 252 263 318 330 362 383 385 416 417 453 467 470 507 565 582 589 623 633 687 693 705 739 774 781 792 816 829 866 890 909 941 947 974 990 
21 27 66 84 109 114 169 187 240 246 249 264 292 310 341 345 353 394 424 448 482 485 521 526 542 564 577 617 675 677 691 706 719 765 777 788 807 844 883 888 913 932 938 992 997 
20 33 64 90 99 124 148 163 198 209 220 266 295 331 337 346 375 404 445 472 473 474 513 516 557 596 637 645 651 673 725 746 755 785 801 817 870 882 884 904 919 961 977 
4 5 70 85 115 138 139 175 186 212 242 260 280 308 332 336 367 371 441 443 454 462 488 514 547 567 573 628 638 671 684 707 735 753 764 784 814 838 859 876 917 928 970 981 994 
11 28 69 88 125 144 150 192 221 228 236 268 279 313 316 351 399 432 447 451 471 498 504 539 551 576 635 663 668 681 731 737 754 799 806 835 862 874 903 921 950 954 967 
7 15 76 100 103 135 153 159 180 217 243 272 285 309 312 357 397 400 440 442 458 468 522 537 550 556 587 605 613 662 694 710 724 762 775 779 811 831 858 891 893 946 966 980 996 
10 23 54 68 72 116 137 154 160 161 201 214 245 298 322 333 347 355 364 396 409 422 480 486 523 534 562 585 588 609 611 632 699 730 743 744 757 796 826 848 853 885 900 902 933 955 972 979 
8 44 62 75 78 107 110 188 190 194 202 229 262 277 293 326 335 388 393 411 421 434 459 483 503 519 533 569 586 621 644 676 696 709 741 750 773 780 824 832 863 892 897 906 930 956 971 975 
6 9 48 61 63 102 131 183 189 200 218 219 259 300 303 323 340 352 370 374 402 437 464 479 524 536 568 575 579 620 648 653 697 701 723 740 761 772 809 841 850 865 914 935 949 952 964 969 
16 35 40 53 67 105 143 176 185 199 232 239 273 278 288 311 350 372 376 430 433 436 489 491 509 525 553 561 563 626 641 649 659 715 717 747 771 783 795 813 857 869 880 922 931 951 985 991 
30 32 56 91 112 123 141 166 208 233 238 253 256 305 307 373 382 387 429 431 457 484 494 530 531 593 610 619 636 654 661 704 742 749 752 790 815 823 851 856 905 910 927 958 963 
22 37 81 92 97 122 127 156 158 172 222 235 255 281 291 320 329 361 381 403 428 439 476 496 508 541 580 595 600 615 642 678 692 729 748 760 763 794 834 843 845 896 899 915 916 942 953 1000 
34 51 55 87 134 136 162 171 225 226 227 254 258 302 315 325 392 398 425 449 456 493 510 520 543 560 591 646 666 667 686 718 728 768 769 791 833 847 868 881 920 925 934 960 962 
18 25 26 57 96 113 118 197 210 215 230 251 290 317 319 354 395 408 438 460 469 499 544 545 554 572 647 657 700 722 727 732 782 798 803 805 867 894 907 908 926 957 983 
1 39 45 79 86 128 146 170 173 184 211 247 274 276 286 321 349 368 384 415 435 446 461 481 501 515 549 584 599 624 634 682 683 689 711 734 793 797 836 846 872 878 898 937 939 948 978 984 
29 38 50 74 93 130 149 178 179 195 213 231 271 284 306 342 348 363 379 401 405 418 455 475 535 548 552 581 590 616 643 660 680 720 733 736 786 787 818 821 852 887 895 924 940 943 989 993 
