9714.91
9 25 42 437 507 528 544 545 563 569 571 573 574 575 578 584 587 594 596 604 608 610 611 618 862 
840 846 847 848 849 852 857 858 861 864 876 885 887 889 893 896 
21 31 121 129 310 325 330 332 340 350 358 365 368 372 378 396 473 725 760 775 845 
20 124 132 311 314 316 323 327 333 354 375 383 389 400 521 723 731 733 744 746 757 
119 127 128 131 145 309 324 338 346 355 357 366 374 380 382 388 391 399 405 407 481 
28 600 938 945 946 950 952 953 958 959 960 961 964 
2 88 108 122 137 348 359 402 477 479 482 483 493 728 747 753 759 766 771 954 
15 19 29 188 204 376 464 478 480 484 485 486 487 488 490 492 495 496 497 648 
54 423 426 429 436 452 458 472 474 
10 56 57 61 104 110 
13 112 177 178 180 181 184 191 192 195 198 199 341 965 969 970 972 981 982 997 
36 39 51 52 843 850 851 855 870 873 879 886 895 897 
14 71 294 412 700 701 707 709 720 807 808 810 811 812 815 818 822 825 826 827 829 830 832 834 835 991 
26 48 135 140 303 312 315 319 322 335 362 363 732 735 736 740 745 773 776 777 778 
12 18 100 176 182 197 203 207 209 290 292 296 298 301 302 503 986 1000 
40 98 120 141 160 164 169 170 171 173 174 411 491 516 674 880 898 899 903 906 907 912 913 914 916 918 922 944 
46 53 89 105 123 215 219 225 226 230 232 235 240 243 246 251 262 265 269 271 274 280 282 415 420 475 585 764 933 
1 381 461 649 651 652 654 656 658 660 661 664 670 671 672 678 681 684 685 687 688 690 694 
64 419 499 551 697 769 901 904 905 908 909 910 911 915 917 919 920 921 923 924 925 926 927 928 929 932 936 995 
50 172 424 449 512 525 526 534 540 542 554 557 570 579 586 590 591 599 602 609 612 613 614 616 
74 78 92 96 417 421 430 443 445 450 467 
41 364 369 373 390 392 397 404 406 476 506 730 737 741 748 761 762 767 768 770 774 
841 854 859 860 863 866 869 871 875 877 878 881 883 888 891 894 
114 125 187 201 205 214 220 221 222 224 231 233 237 245 247 255 257 258 259 260 266 270 272 276 281 351 427 548 754 
34 35 37 43 44 47 55 109 434 930 931 935 942 955 957 
24 27 65 82 113 343 529 531 547 559 560 562 564 568 577 582 583 592 595 597 603 615 617 939 943 
11 211 218 239 241 253 254 268 275 278 422 428 439 454 505 779 780 781 782 783 784 787 789 792 794 797 803 805 874 
22 45 317 500 543 546 580 619 645 646 647 653 655 657 659 662 663 669 673 676 677 679 680 844 948 
8 38 49 409 410 696 698 699 702 703 704 705 706 708 710 711 712 713 714 715 716 717 718 719 721 722 765 940 
72 136 143 320 326 347 401 494 644 650 665 667 668 675 682 683 686 691 692 693 695 729 751 
118 126 130 134 139 142 144 168 307 308 318 336 349 361 377 384 385 386 387 393 985 
7 62 
432 433 438 440 446 448 453 456 459 460 470 
468 502 504 508 511 513 517 518 520 934 947 956 963 
17 93 179 185 193 194 200 210 892 937 967 968 973 975 979 980 983 990 994 996 
73 77 79 80 91 95 99 186 509 510 514 519 523 
23 30 58 59 63 106 107 111 115 117 
431 555 666 941 992 
32 133 161 162 163 165 166 167 489 606 785 786 788 790 791 793 795 796 798 799 800 801 802 804 806 856 867 902 977 
66 138 175 321 329 334 337 342 379 394 395 532 724 738 742 743 749 750 752 763 974 
85 305 306 313 328 345 352 360 367 370 371 398 403 442 466 726 727 739 755 772 837 
33 116 273 277 408 565 593 620 623 625 626 627 628 629 630 631 632 633 634 635 637 638 639 640 641 642 643 734 756 839 951 962 
67 68 69 70 76 83 86 87 90 94 97 102 103 
295 304 463 501 530 533 537 538 567 572 588 598 809 813 814 816 817 819 820 821 823 824 828 831 833 978 
81 413 414 418 425 447 451 462 465 471 949 
190 212 213 216 217 223 227 228 229 234 236 238 242 244 248 249 250 252 256 263 267 279 297 331 356 416 435 522 689 836 900 998 
16 60 183 189 196 202 208 339 455 469 515 966 971 976 984 987 988 989 993 999 
75 101 206 289 353 444 524 527 535 536 539 541 549 550 552 553 556 558 561 566 576 581 589 601 605 607 
283 284 285 286 287 288 291 293 299 300 838 842 853 865 868 872 884 890 
3 4 5 6 84 146 147 148 149 150 151 152 153 154 155 156 157 158 159 261 264 344 441 457 498 621 622 624 636 758 882 
