9713.20
32 53 89 96 147 220 240 293 335 355 369 420 448 456 488 515 608 645 703 709 715 717 753 783 823 863 962 
118 154 173 189 243 431 458 491 530 650 700 810 897 899 934 
177 311 371 398 453 886 
11 28 45 155 232 256 362 397 537 549 600 606 740 796 809 836 843 845 866 889 896 937 966 970 
1 7 20 25 46 73 98 145 222 223 258 336 337 348 363 389 400 424 437 485 508 596 635 647 660 712 766 785 831 854 891 921 948 973 
169 171 274 520 555 830 960 
119 271 318 564 661 697 777 804 902 924 947 
38 116 330 479 497 544 
288 307 326 359 514 586 791 
56 79 178 234 300 356 373 381 532 542 583 679 713 732 742 755 839 853 887 927 
4 27 263 280 391 559 590 
218 286 729 806 882 925 
13 78 93 137 162 196 217 303 306 312 454 472 481 523 546 558 625 754 781 802 838 857 867 876 883 904 941 
64 115 121 146 156 235 301 308 327 354 372 383 388 390 428 463 464 469 526 528 550 560 622 629 699 704 716 721 859 874 913 923 
88 209 210 211 278 297 305 317 378 405 455 468 502 524 569 582 588 621 641 674 738 789 822 881 890 953 990 
14 86 111 117 183 225 236 265 282 350 421 511 547 562 572 584 626 637 705 720 743 757 797 817 824 870 878 888 912 917 945 954 
63 148 164 168 179 237 247 283 332 416 447 465 498 579 623 640 657 690 694 746 767 780 800 819 832 898 909 
48 338 376 467 627 706 908 
132 334 411 744 
152 457 799 841 961 964 
34 43 85 101 102 108 214 221 241 261 268 292 309 364 367 404 529 538 581 597 602 628 642 725 747 756 773 793 840 861 865 903 926 940 968 972 
6 49 54 65 149 184 195 212 270 289 295 342 379 394 422 443 492 541 563 648 658 664 683 686 689 726 772 779 786 868 901 916 919 992 
8 24 55 57 68 77 120 122 125 244 248 266 275 313 358 403 423 509 513 516 533 534 557 598 609 667 684 698 750 751 825 833 847 851 873 928 939 989 
15 37 61 131 135 172 180 185 399 649 669 682 718 762 
3 36 99 109 127 140 230 267 277 374 385 451 473 522 615 673 688 714 727 778 805 834 976 985 
17 18 42 47 51 70 76 124 133 161 187 226 281 339 346 353 365 438 440 444 460 486 494 496 500 536 548 566 613 631 652 653 741 760 782 788 827 955 
144 167 612 852 
5 94 106 130 181 208 216 228 249 361 382 396 426 570 574 604 618 634 702 826 900 907 918 932 975 993 994 998 
33 39 139 175 224 269 476 630 668 696 735 736 748 808 815 875 915 956 
136 262 302 324 328 487 531 580 619 812 877 905 951 965 974 996 
97 190 291 357 368 482 489 553 666 692 879 
90 92 252 296 310 325 377 384 432 589 594 728 811 933 935 943 969 1000 
2 91 150 153 200 499 501 521 695 885 986 
69 112 242 264 273 504 556 591 592 593 685 707 784 816 910 982 
10 35 114 129 204 227 231 257 387 409 413 415 439 459 495 517 601 616 656 675 693 749 769 835 848 914 967 
72 100 138 182 205 239 250 329 351 470 510 585 624 632 659 681 739 761 771 844 855 895 920 922 936 959 981 995 
19 198 229 260 393 418 503 535 543 565 701 821 856 860 880 884 979 983 
21 26 170 290 320 401 402 406 436 474 475 512 518 607 644 671 723 745 752 794 813 850 871 893 978 987 999 
9 30 31 59 66 74 75 84 110 141 213 255 321 380 392 395 441 445 462 478 507 576 711 731 737 801 842 906 977 
52 62 103 105 113 188 203 207 215 233 238 299 340 370 412 427 429 505 525 540 578 605 614 617 633 636 678 775 795 803 820 849 858 862 872 894 
71 83 104 151 197 201 206 360 414 433 449 450 561 573 577 676 677 722 929 963 997 
22 29 40 50 67 95 107 126 134 157 159 166 219 251 333 343 352 375 419 435 442 483 599 611 655 708 763 764 765 770 807 837 949 952 
60 142 341 386 408 410 790 950 958 
12 16 44 80 82 143 174 176 186 194 199 202 253 254 272 284 304 323 345 347 417 425 430 452 506 527 552 646 654 672 733 776 787 829 864 971 980 984 
314 331 484 603 638 663 687 710 730 759 869 938 957 
493 587 643 
23 58 163 285 287 480 571 639 930 
349 662 818 892 988 
41 87 158 160 191 245 276 279 315 319 322 344 366 434 471 477 519 539 545 551 567 568 610 620 651 670 724 734 792 798 846 911 942 944 946 991 
81 123 128 165 192 193 246 259 294 298 316 407 446 461 466 490 554 575 595 665 680 691 719 758 768 774 814 828 931 
