8416.78
11 165 263 302 578 585 602 686 729 748 785 786 810 913 931 984 
69 177 390 404 682 709 717 
33 62 172 181 196 213 219 268 294 310 323 329 338 360 368 379 437 534 569 611 637 711 718 725 761 782 783 799 887 992 
1 26 34 132 221 267 306 312 330 344 479 519 664 747 794 830 979 
6 9 22 97 107 189 209 243 283 316 434 574 634 657 670 692 702 768 802 880 906 976 
61 105 124 159 173 178 180 187 229 240 284 341 401 411 506 530 567 572 619 639 648 668 745 773 813 816 844 865 916 932 
5 14 117 146 157 197 239 247 396 433 462 480 521 527 533 563 570 600 676 685 698 765 780 828 847 896 904 973 986 995 
99 320 363 691 705 784 987 
308 340 452 453 496 504 531 599 613 759 815 821 948 967 
649 720 
27 36 82 94 111 152 158 163 200 262 286 358 359 375 391 410 428 516 566 576 677 683 749 805 917 935 941 946 
119 135 208 471 604 614 777 792 803 882 889 
10 16 20 30 53 142 151 249 287 314 324 372 442 469 474 499 543 544 733 741 795 957 
48 58 72 74 144 201 254 297 366 393 400 465 473 510 593 606 607 618 633 652 662 798 851 854 872 886 895 899 919 966 981 993 
133 139 186 237 257 484 523 800 806 818 921 923 944 
70 103 131 364 811 1000 
182 225 256 280 345 430 512 640 667 722 770 808 825 938 
102 130 164 184 260 370 431 470 550 554 601 627 660 674 688 689 700 726 838 848 868 869 939 958 
113 121 226 279 347 380 386 632 647 663 672 767 804 873 890 915 960 
65 67 123 246 248 481 681 721 
264 464 789 
98 275 293 307 337 392 476 592 650 669 835 862 876 920 
21 85 321 346 385 498 558 562 628 756 819 843 875 947 954 977 
8 63 75 171 198 206 212 273 356 395 405 448 468 490 553 615 622 658 724 736 860 900 911 926 936 
179 278 298 322 503 518 801 812 
55 56 84 127 137 166 218 228 250 271 290 342 422 511 514 529 587 595 617 626 630 723 732 758 850 852 942 953 985 
7 12 18 41 51 114 136 258 265 328 350 365 377 445 458 491 537 545 557 560 579 581 715 753 791 832 839 840 871 883 885 934 962 
35 49 110 120 148 160 174 232 266 289 291 309 343 443 447 475 483 541 551 594 644 655 694 735 764 775 826 888 956 964 
349 451 642 731 824 955 
24 40 59 100 118 233 300 311 357 383 398 456 467 509 555 591 605 621 666 673 707 716 754 841 861 884 897 908 914 950 963 974 988 
13 29 68 71 77 79 112 190 192 205 261 272 326 333 420 435 439 556 573 575 612 624 631 661 787 822 846 849 924 990 
23 39 45 106 169 199 244 270 353 424 478 536 539 568 580 582 588 610 679 687 697 704 752 833 855 943 952 961 970 980 
3 238 384 402 425 455 513 609 695 708 797 866 881 891 912 927 
15 54 57 64 134 143 162 183 202 204 223 227 242 277 281 296 334 376 389 409 446 485 501 565 638 653 690 713 737 853 857 892 918 
52 90 115 129 155 301 339 361 378 382 423 457 460 494 538 583 603 608 696 719 742 781 807 831 864 874 901 907 937 972 
32 37 101 108 141 149 191 215 245 269 285 288 367 418 419 472 497 507 508 546 548 552 584 597 598 678 734 837 870 877 959 971 975 
47 116 128 147 230 331 332 336 355 416 449 489 492 526 540 571 641 651 671 701 740 755 776 820 858 878 879 894 905 949 
66 80 83 140 156 194 195 211 253 274 299 421 429 486 495 505 517 590 823 925 929 
28 122 387 397 408 417 440 620 684 769 867 893 903 
150 305 327 596 738 774 
60 91 188 193 235 388 412 450 635 728 766 788 859 989 
44 88 126 170 236 354 399 414 415 427 477 487 528 542 564 699 743 751 834 902 928 933 940 997 
43 50 81 86 93 95 145 216 241 276 318 369 407 426 432 454 636 739 757 793 842 856 898 983 
17 25 89 125 203 222 224 255 259 374 394 438 444 466 500 586 625 693 710 712 730 746 772 778 829 845 910 922 930 965 968 994 999 
185 303 317 352 463 493 535 549 559 623 643 646 654 659 796 998 
31 38 87 168 207 220 325 381 441 482 488 863 969 991 
92 138 210 335 406 459 522 532 561 616 629 645 656 703 744 760 762 817 909 945 951 978 982 996 
2 42 73 96 109 154 167 214 217 234 251 282 292 304 319 371 413 436 502 515 520 524 525 547 675 680 714 727 750 763 771 814 836 
76 373 
4 19 46 78 104 153 161 175 176 231 252 295 313 315 348 351 362 403 461 577 589 665 706 779 790 809 827 
