10407.44
67 97 235 356 371 454 612 678 684 703 728 784 869 896 904 934 971 974 
100 192 229 436 
14 66 309 844 
47 156 182 217 361 389 418 432 534 568 580 695 704 750 807 850 866 939 961 986 992 
37 39 49 75 78 81 315 337 367 394 453 465 514 548 620 653 729 744 777 800 
121 174 203 403 404 493 517 645 648 687 751 763 781 828 832 845 885 
23 27 126 162 207 221 271 355 387 416 434 521 635 717 732 816 826 829 863 867 947 994 
116 117 120 175 188 194 218 251 295 306 322 350 407 412 456 502 602 647 714 765 849 903 996 
9 26 157 199 236 307 393 414 447 506 549 673 743 766 782 865 900 955 981 993 
85 99 208 270 292 362 374 448 474 500 605 642 691 755 779 792 859 887 940 970 
88 243 342 358 649 720 812 
11 41 52 225 256 261 263 369 399 415 438 449 461 470 491 496 569 584 590 622 624 715 764 789 880 895 914 921 943 982 
24 48 104 108 128 143 151 209 226 231 507 533 545 547 551 643 701 713 820 905 933 990 
79 84 161 193 230 250 287 297 346 354 426 429 554 587 588 606 657 668 752 774 842 946 975 
204 444 609 722 821 840 902 
73 82 103 105 268 408 469 509 555 585 603 621 658 675 811 830 841 891 894 962 
413 692 712 790 
6 8 31 68 112 205 241 303 330 386 483 530 543 600 646 663 666 698 734 778 851 942 987 
32 133 173 198 216 280 329 377 420 475 511 520 546 576 616 656 674 710 725 730 848 853 875 907 964 
2 13 95 135 154 219 282 320 325 338 348 381 383 443 445 464 487 494 571 593 594 664 682 739 759 917 929 
10 19 130 165 166 190 195 233 326 328 379 409 428 478 488 586 599 633 665 702 822 944 988 
25 132 210 212 299 360 400 639 874 884 983 
18 42 63 110 111 136 158 206 220 242 274 275 300 341 363 382 423 427 441 463 523 532 565 613 659 697 783 839 847 861 918 950 
4 22 29 35 96 101 102 134 148 155 172 186 237 238 388 411 440 452 455 462 510 561 572 596 601 651 685 723 805 815 864 871 873 897 927 928 931 936 949 963 
59 76 115 124 129 272 278 288 311 385 417 458 476 525 531 607 619 629 669 700 797 855 872 959 1000 
20 45 56 61 127 180 200 201 224 239 266 267 281 345 351 357 359 365 380 430 442 459 472 473 505 516 536 564 570 610 650 688 733 802 817 838 877 881 911 913 
177 240 273 492 519 550 631 638 726 758 852 
74 213 276 321 331 353 450 499 589 595 615 630 637 672 679 689 719 771 798 837 886 888 
3 38 89 122 228 486 512 524 539 540 581 785 876 972 
57 142 179 248 258 284 293 298 317 327 395 468 477 480 482 498 513 541 552 573 608 652 655 677 721 756 760 794 799 809 810 827 862 879 893 937 984 999 
53 62 65 69 71 72 118 150 167 197 215 222 254 312 313 431 515 556 597 627 724 741 749 882 915 973 978 
17 46 80 86 187 390 422 529 745 808 825 833 878 920 958 998 
170 232 314 611 
33 40 51 169 185 214 246 290 316 333 391 446 604 707 740 742 772 796 823 856 924 954 989 
77 119 160 178 196 255 324 364 366 392 419 457 471 625 662 711 731 747 769 770 793 870 889 965 995 
1 21 44 64 90 145 149 164 252 257 296 323 349 375 410 424 467 479 508 535 560 577 623 644 661 716 762 775 824 831 916 919 922 957 979 
58 98 106 107 109 113 137 171 202 352 372 439 542 583 670 735 814 901 909 925 938 945 969 977 997 
138 163 336 578 680 860 899 
7 28 43 91 93 184 527 567 592 671 737 746 768 835 883 935 991 
114 147 159 234 285 396 397 433 562 614 718 748 788 803 858 966 
12 15 36 249 260 277 302 339 398 406 460 495 526 557 696 736 843 898 976 985 
176 227 289 318 368 373 402 481 484 497 504 628 706 727 738 786 
5 125 140 269 343 378 384 405 485 501 518 537 553 566 582 591 598 617 636 667 780 791 813 857 892 926 960 967 
55 60 94 183 262 265 344 489 634 641 708 754 757 836 906 980 
34 54 83 144 211 244 294 310 334 340 376 528 558 559 579 660 676 705 709 834 923 930 941 951 953 
16 87 123 141 146 223 283 286 301 305 319 370 401 425 437 451 490 544 563 575 626 683 686 690 694 761 767 773 787 795 868 890 908 910 932 948 952 956 
30 131 139 152 153 181 189 191 245 279 332 347 421 654 699 753 804 818 819 912 
168 247 259 291 304 308 435 503 522 574 618 632 640 776 801 806 
50 70 681 854 
92 253 264 335 466 538 693 846 968 
