10687.36
25 58 91 97 121 139 184 240 269 283 293 441 455 467 551 586 589 620 648 665 667 700 707 730 737 741 755 782 792 812 850 858 879 893 923 966 971 
74 85 150 190 244 362 381 420 475 497 517 519 567 573 600 638 662 691 895 935 
334 413 627 
72 145 204 222 543 619 876 913 
12 39 56 95 99 255 337 398 457 581 800 841 843 867 
164 237 275 364 494 513 748 765 813 825 827 853 947 970 
13 541 547 613 828 846 999 
52 143 221 276 306 323 346 385 410 478 506 540 647 699 743 787 869 
9 35 48 98 199 216 258 290 312 401 510 617 669 670 681 734 803 816 829 845 866 928 950 
46 67 70 104 163 170 173 304 305 431 671 674 701 719 806 815 886 
250 263 450 537 836 847 880 
278 317 318 430 565 571 625 692 773 904 921 
69 107 114 239 297 324 340 351 435 443 454 491 515 520 522 576 595 604 609 703 777 837 982 985 
82 259 281 348 468 663 676 738 757 840 926 961 
8 80 102 191 253 338 411 421 464 502 579 603 661 767 905 955 
100 101 132 136 138 149 178 200 211 219 220 309 390 407 470 527 530 561 628 640 685 695 702 716 733 739 758 779 785 796 861 863 868 925 937 964 995 
22 40 62 90 120 131 189 223 227 392 415 451 498 526 572 574 583 585 615 684 789 914 920 942 
50 79 137 181 236 282 286 292 301 361 375 388 414 438 446 456 514 552 611 626 637 654 666 673 683 718 764 783 831 887 888 890 956 960 977 980 996 
23 45 232 383 677 727 753 826 872 939 1000 
64 147 159 161 175 183 196 209 212 241 249 271 357 391 397 434 601 631 690 720 728 752 851 857 944 
21 73 93 154 155 214 251 288 384 489 562 578 591 629 704 877 891 
36 59 179 229 285 287 307 382 460 490 533 549 560 599 608 612 643 658 735 776 794 830 833 871 924 930 931 990 993 
63 769 811 822 946 
111 213 316 799 870 899 911 
10 71 247 280 328 395 492 705 988 
321 374 668 736 
88 142 177 242 262 347 372 386 422 495 598 621 775 795 908 974 986 
2 16 19 26 57 148 166 169 469 471 477 505 550 555 570 590 605 636 688 689 721 725 726 763 797 834 835 848 885 918 938 940 941 969 975 
15 20 29 31 49 75 112 117 122 156 187 188 266 310 314 424 458 624 655 693 713 759 790 793 889 896 933 959 967 
81 118 130 158 195 206 245 260 284 311 329 330 373 536 542 593 656 686 731 750 807 824 865 884 952 
43 103 207 254 387 474 479 524 616 706 823 881 894 910 
119 168 363 427 481 518 546 633 641 791 810 859 922 997 
3 14 32 33 60 68 76 77 83 96 133 141 157 162 174 186 257 291 352 356 358 360 376 396 432 511 544 646 649 694 709 740 756 760 771 778 786 788 951 973 976 
42 194 319 875 
86 116 160 182 208 279 344 368 369 436 463 472 484 508 523 559 569 594 657 715 839 844 892 953 
34 87 151 185 201 215 228 238 267 300 326 327 345 354 355 370 428 437 439 487 556 566 580 582 596 606 607 622 653 780 805 860 901 963 987 
38 66 123 210 217 252 265 272 313 353 447 512 534 553 564 597 710 897 962 
6 28 37 140 462 501 729 761 804 817 819 820 821 838 849 898 907 
1 4 11 17 51 92 94 105 110 124 125 128 134 218 268 298 302 325 332 333 336 343 416 417 418 442 482 483 486 588 708 762 770 855 856 883 903 912 929 945 989 
198 230 231 235 261 404 406 473 554 602 635 965 983 
24 41 61 144 152 167 172 226 342 367 378 402 419 445 480 485 488 503 504 516 538 548 568 614 675 717 724 747 774 814 882 919 934 949 981 
53 127 277 476 532 682 766 798 854 909 991 
47 126 197 224 296 331 359 399 400 409 412 433 500 610 652 680 696 722 749 873 915 917 927 968 
27 84 115 171 202 205 289 294 295 350 371 426 440 444 453 465 525 539 650 659 672 687 698 711 723 744 746 784 852 874 878 902 906 916 936 943 948 957 972 978 979 
5 7 65 153 203 243 256 273 303 341 365 389 408 452 496 509 531 535 563 679 754 832 862 900 958 
30 234 377 461 529 545 577 645 678 808 
18 54 78 106 108 113 129 192 246 335 339 349 393 394 423 425 429 459 507 521 528 584 587 632 697 742 751 802 818 954 984 
44 55 165 176 193 264 405 557 618 651 772 932 
89 109 233 270 299 308 322 403 449 466 493 558 623 634 664 712 714 732 745 768 781 801 994 998 
135 146 180 225 248 274 315 320 366 379 380 448 499 575 592 630 639 642 644 660 809 842 864 992 
