6277.00
82 221 249 293 331 336 433 449 512 538 541 568 574 587 614 632 
44 48 258 284 386 392 559 583 585 589 651 
26 31 75 76 110 213 307 379 388 429 432 459 479 554 600 628 
13 49 63 71 113 121 154 161 273 296 341 352 362 381 407 411 436 443 462 494 542 573 593 595 627 634 
3 5 24 52 138 143 191 197 222 275 347 363 418 483 521 572 645 
122 193 203 274 426 562 590 
101 107 228 242 358 556 580 591 636 649 
9 14 90 127 134 141 236 266 272 291 344 376 377 446 482 492 499 516 547 581 623 641 652 659 
10 21 37 43 103 112 126 175 180 215 227 262 288 333 414 421 434 457 471 477 522 575 604 637 
6 60 115 119 218 247 357 372 387 394 400 425 498 552 577 610 625 654 
168 282 440 468 510 607 616 
97 190 224 290 353 369 563 
53 68 89 102 130 135 182 204 206 306 318 342 348 370 422 455 456 469 507 526 536 609 643 
12 64 79 120 124 172 174 223 245 259 276 299 311 326 339 351 374 390 409 428 466 473 476 480 490 508 525 534 548 555 566 584 597 615 624 662 
96 131 137 139 167 230 248 317 391 420 470 540 602 646 
1 38 78 94 116 146 166 176 205 226 233 255 268 287 298 314 365 368 378 380 382 389 397 398 412 417 437 451 503 504 524 561 626 642 644 648 665 
29 33 58 81 160 165 169 198 209 243 337 401 487 523 532 550 582 
67 156 178 185 188 208 216 246 485 605 
15 34 45 46 55 61 86 111 177 186 195 235 244 283 321 346 364 373 395 419 450 460 506 528 611 631 639 650 660 
28 42 54 84 93 123 181 238 354 408 410 461 486 505 514 529 553 601 618 
20 23 27 50 83 104 163 173 199 200 210 240 250 251 257 260 263 280 295 302 327 343 345 355 360 375 458 464 489 519 530 531 533 579 608 640 
7 136 140 144 151 158 189 196 202 237 269 297 300 322 338 442 448 481 484 565 603 
129 319 396 493 539 557 
51 220 229 305 383 404 630 633 
19 47 142 212 271 277 289 309 315 316 349 415 453 475 478 497 543 546 569 612 619 629 635 655 
30 39 56 65 92 98 108 114 149 179 187 231 252 264 267 278 292 310 323 325 328 330 334 371 416 423 424 435 472 474 496 537 545 576 586 598 599 
4 11 18 70 73 118 125 133 147 148 164 171 253 256 265 281 285 286 294 320 340 399 406 430 491 501 509 549 560 567 571 596 606 658 664 666 
59 74 99 150 157 184 214 270 301 304 312 335 366 403 405 427 447 452 520 527 578 594 638 663 
2 106 117 128 194 207 313 465 535 
66 87 100 162 359 402 439 495 558 620 
35 36 40 57 72 77 85 88 153 183 192 219 225 303 393 438 441 454 467 500 502 511 513 515 518 544 588 592 613 617 647 653 657 
22 25 32 41 62 80 91 105 145 159 201 239 241 279 324 329 332 350 356 361 367 384 385 413 431 445 463 517 564 570 622 
8 16 17 69 95 109 132 152 155 170 211 217 232 234 254 261 308 444 488 551 621 656 661 
