10302.57
129 159 198 237 257 276 300 314 320 345 363 391 402 437 489 566 588 634 639 696 728 771 790 813 828 845 867 868 908 962 972 990 
139 176 409 479 
3 5 18 35 54 56 99 143 168 173 247 260 304 322 357 375 401 553 560 623 658 674 681 784 805 814 823 830 841 873 906 911 947 952 
64 124 130 131 167 223 241 251 294 306 352 586 594 760 850 884 983 987 1000 
19 77 85 107 108 120 141 165 218 229 240 264 392 434 514 607 612 647 651 801 822 875 876 880 889 899 948 
10 13 34 49 117 162 200 238 290 295 324 338 373 407 441 482 513 548 592 788 799 812 839 853 975 
14 23 46 48 57 75 106 156 161 194 286 340 376 393 420 424 439 443 451 497 499 531 611 637 638 686 695 698 716 719 723 793 871 968 994 
41 277 327 422 520 542 555 700 844 
20 122 151 228 418 445 538 576 587 747 935 
15 91 112 153 178 211 302 321 354 362 367 477 579 616 663 738 866 891 
29 61 115 149 177 179 233 234 288 359 384 405 423 431 470 498 519 523 550 559 603 677 766 792 811 856 857 858 929 950 965 
296 501 984 
51 95 174 201 203 204 343 396 404 472 510 640 644 697 705 754 759 773 815 817 862 894 904 936 980 
2 33 47 148 164 244 269 292 298 299 395 403 432 433 463 469 483 484 504 509 526 530 561 584 683 720 746 768 783 900 925 928 953 997 
8 93 114 278 291 435 494 522 556 571 598 618 685 693 704 726 870 942 955 963 967 
17 224 284 496 986 
31 45 127 155 175 222 230 252 328 339 377 382 397 414 416 421 500 503 516 521 563 580 604 608 626 641 687 702 713 736 737 806 807 846 
24 36 63 102 180 255 268 279 389 460 467 481 493 511 583 605 628 710 717 832 879 912 
42 66 68 92 101 138 152 158 181 191 192 197 232 245 313 325 356 374 502 507 518 525 668 669 703 718 743 770 803 851 939 
32 72 137 248 258 468 505 515 546 577 636 680 778 820 847 898 902 976 
12 96 123 225 337 360 380 412 413 456 624 667 721 756 764 769 789 833 924 940 978 993 
22 52 111 185 186 215 271 312 335 582 802 970 
80 193 199 261 272 301 342 351 358 387 534 569 593 602 652 682 731 791 835 945 946 956 
6 9 89 126 235 361 406 537 543 600 714 752 753 763 834 859 959 961 992 
7 11 27 44 50 65 109 183 207 208 256 273 305 353 372 398 450 487 549 551 575 585 606 653 675 691 810 860 885 927 933 944 960 979 982 991 
71 76 132 134 236 263 308 333 371 476 533 552 615 646 725 751 772 779 795 854 907 973 
190 578 712 874 934 
119 242 355 411 440 442 661 672 678 724 729 730 750 797 808 836 872 883 941 969 
58 60 113 316 349 486 512 629 740 
142 254 280 370 426 427 449 480 671 818 
293 540 562 631 666 701 824 831 888 896 901 938 996 
221 275 454 642 782 
62 90 187 209 243 250 253 282 309 368 388 408 544 570 573 581 595 657 673 709 734 762 816 840 917 
55 81 86 94 133 195 196 202 216 329 344 350 419 457 508 536 539 617 627 632 650 706 711 774 785 882 890 897 923 954 977 
39 157 210 415 444 471 749 800 837 943 
118 140 212 219 226 310 323 430 466 478 567 665 684 694 755 758 787 829 852 915 971 988 
25 26 28 79 98 100 104 154 160 205 217 220 246 287 315 317 348 461 475 490 557 564 568 630 699 727 732 757 765 798 864 869 895 921 957 974 989 995 
43 59 97 147 262 289 331 336 464 574 591 660 670 776 819 825 849 893 964 
16 74 103 145 172 206 227 326 341 364 394 429 446 462 474 485 492 506 527 565 572 619 625 645 715 744 767 777 786 843 878 905 909 926 
82 88 105 259 311 386 447 529 649 654 688 735 780 842 886 910 913 937 
1 73 135 171 231 334 381 517 528 
83 163 297 417 524 547 659 848 949 
4 37 40 136 150 270 285 307 378 379 399 400 410 458 621 656 676 690 733 739 877 892 
541 741 781 
38 67 78 121 128 146 169 214 266 436 438 448 452 473 545 596 655 931 981 
428 597 865 
184 213 347 385 425 453 455 491 532 599 614 620 635 643 692 761 775 809 826 861 951 966 
87 125 189 239 249 265 283 318 319 330 365 390 459 554 601 613 633 662 679 689 742 794 827 838 863 903 916 930 999 
110 116 144 166 170 182 281 303 346 366 488 495 558 589 610 622 648 707 804 821 918 922 
21 30 53 69 70 84 188 267 274 332 369 383 465 535 590 609 664 708 722 745 748 796 855 881 887 914 919 920 932 958 985 998 
