9437.50
187 199 200 219 338 417 463 480 510 537 648 713 773 881 
285 342 360 717 808 988 
8 56 66 95 258 264 272 292 341 435 444 460 505 539 557 647 688 705 716 744 754 794 870 873 894 911 921 
49 75 135 141 176 202 244 291 396 412 491 496 517 601 618 759 842 876 935 
5 52 69 112 120 229 301 332 347 359 475 495 585 684 706 755 762 801 810 823 880 932 
104 132 169 390 416 669 725 734 778 892 896 953 
152 171 189 197 222 235 247 273 296 308 321 339 340 362 395 410 415 465 467 574 587 610 629 637 639 682 735 802 848 883 897 929 939 976 
32 63 71 117 126 129 133 138 148 304 426 429 442 535 581 594 604 605 691 867 
72 109 136 147 226 231 255 327 355 401 441 472 483 492 525 533 571 579 614 653 729 766 767 820 885 899 910 914 933 967 991 
28 142 181 183 209 260 267 400 461 890 
98 149 170 215 289 383 393 478 528 551 572 588 665 779 959 
61 76 107 128 180 186 207 236 250 282 315 449 469 512 590 631 662 700 709 724 747 772 774 905 990 
54 216 254 256 331 352 361 502 530 543 613 621 627 690 695 721 732 740 878 927 941 981 998 1000 
19 205 378 428 452 453 793 846 983 995 
103 164 188 191 227 241 351 403 489 561 763 950 960 
90 122 213 243 299 373 433 575 584 611 619 624 809 819 834 938 951 993 
127 153 182 324 344 346 386 650 658 699 786 800 822 918 946 
81 82 87 99 108 139 165 257 281 418 552 558 651 674 698 712 757 760 776 791 807 891 926 989 
7 48 92 194 278 371 423 430 542 573 576 593 667 685 782 838 888 902 956 
11 14 36 38 46 73 89 102 106 131 275 290 367 372 405 408 464 521 547 566 578 599 607 632 750 797 803 825 841 862 877 962 
100 228 239 446 606 640 736 738 
85 172 204 206 225 248 252 274 284 329 334 354 365 374 420 432 456 457 466 500 617 652 657 663 670 696 710 741 746 781 909 912 930 954 974 982 
31 35 39 45 116 177 214 263 287 306 333 343 348 358 402 413 414 454 549 600 660 775 817 835 840 
50 479 602 646 813 
265 364 499 520 531 630 949 
37 335 353 398 527 532 534 554 559 666 831 855 857 887 917 940 965 
161 211 370 458 490 519 641 745 826 839 852 858 972 994 997 
3 23 78 79 105 123 175 198 232 311 319 349 357 382 388 391 422 477 481 516 522 567 583 596 726 784 853 895 908 975 
259 411 742 
34 42 143 157 158 249 318 350 471 555 608 620 661 701 719 737 915 945 952 
9 60 91 150 168 185 270 298 309 387 397 515 524 565 577 597 603 622 625 636 673 711 780 783 854 884 893 924 944 970 
17 27 33 130 137 173 217 220 283 300 320 437 440 451 514 538 546 562 564 677 679 702 743 753 837 843 859 900 923 966 996 
29 118 121 203 221 286 337 419 421 431 436 455 569 570 591 616 720 723 771 805 806 979 980 
21 25 40 70 155 156 233 266 434 470 507 553 612 649 704 727 769 790 792 818 864 869 919 964 
15 80 96 166 196 201 251 294 312 326 356 363 468 498 504 509 655 708 722 730 765 830 844 847 849 874 886 903 904 913 973 992 
26 65 88 97 101 119 145 174 190 212 277 310 368 369 473 494 544 550 644 676 733 787 789 811 833 920 978 
2 10 51 55 74 84 167 184 279 385 399 406 482 506 513 540 545 556 580 589 642 659 694 697 714 788 860 875 898 948 968 984 
6 57 58 64 77 113 124 307 328 389 424 427 598 728 758 764 812 845 879 882 889 916 934 958 985 987 
1 16 47 240 322 330 345 381 438 503 536 560 592 672 715 799 816 931 977 
261 394 850 861 
53 93 111 125 151 154 195 218 230 245 253 323 366 486 493 497 511 548 626 635 731 851 868 906 928 999 
276 302 317 384 407 409 488 623 671 795 925 947 
13 110 144 159 234 271 280 288 295 305 325 375 376 380 425 439 485 628 643 645 656 678 680 687 768 770 961 963 969 971 
24 224 246 268 582 683 748 777 804 821 
94 447 798 829 943 
12 22 114 115 238 303 316 377 392 443 462 518 523 609 638 664 681 703 785 814 832 836 866 872 957 986 
18 20 41 59 68 134 140 179 192 210 336 476 484 487 501 529 541 563 586 668 675 689 692 718 863 907 942 
4 30 43 62 67 86 163 223 242 269 293 297 314 404 445 450 474 508 526 615 654 739 756 761 815 824 827 828 856 865 871 901 
83 146 160 162 178 208 262 313 379 448 459 595 633 634 686 693 707 751 752 922 936 937 
44 193 237 568 749 796 955 
