6515.31
5 15 37 103 110 148 153 163 184 201 218 253 254 330 345 384 412 430 525 534 541 550 594 616 
36 45 47 67 72 129 134 138 174 190 225 226 246 265 293 299 305 337 347 394 403 406 416 493 528 533 540 552 599 624 
38 53 192 194 196 211 212 258 289 414 444 538 
61 76 482 
19 48 55 63 82 88 97 104 119 135 149 152 188 205 232 244 259 276 280 282 287 295 300 303 312 323 324 336 361 365 381 428 435 454 455 469 480 486 504 509 511 512 543 567 575 604 618 623 
56 59 80 122 160 224 250 260 370 423 427 464 475 497 499 520 535 597 
2 10 11 33 50 62 78 89 95 96 99 101 105 111 125 159 161 166 191 204 206 210 220 227 267 270 281 284 311 321 332 340 349 352 355 356 369 373 377 404 408 413 443 448 453 459 463 505 513 519 556 559 568 573 581 582 595 615 621 
30 34 68 94 112 121 165 229 235 257 261 273 358 374 378 385 391 407 447 466 470 503 530 546 562 566 611 
16 20 51 65 71 79 92 117 140 155 169 171 175 177 182 202 221 236 271 279 296 307 316 334 335 339 393 400 415 422 424 450 458 474 495 496 498 501 502 523 542 545 558 561 609 
18 22 27 77 187 209 255 266 291 292 302 318 389 439 537 554 588 598 610 612 619 
3 14 41 42 57 64 73 102 108 109 114 143 156 157 164 170 178 200 214 231 234 237 241 248 268 277 286 288 325 333 338 343 348 359 372 399 410 421 432 434 437 465 478 483 484 515 521 570 590 593 602 607 608 620 
40 44 58 98 124 130 136 137 151 154 223 242 245 249 290 329 331 346 353 364 383 388 442 473 481 485 536 555 564 565 572 584 586 601 613 628 
9 23 26 29 52 69 85 113 132 213 215 228 251 269 298 308 309 310 315 405 445 449 451 467 468 479 487 518 551 563 577 578 587 
39 54 60 66 74 87 100 127 139 145 150 167 179 180 207 239 272 304 326 328 341 342 362 363 395 397 411 420 438 446 461 476 488 492 514 524 544 553 579 583 596 627 
1 8 12 13 17 49 75 83 90 93 118 120 123 133 142 181 185 198 199 208 219 222 240 243 252 262 264 274 283 314 317 344 350 354 357 368 379 396 417 431 452 457 462 471 477 491 507 516 517 547 548 557 571 580 585 600 614 
91 116 285 297 375 440 500 532 549 
24 43 86 128 131 144 158 162 168 176 189 203 247 263 275 294 301 371 382 387 390 398 402 418 419 429 436 489 490 508 569 574 591 592 605 622 625 626 629 
7 70 106 115 186 197 320 351 367 494 510 526 589 603 606 
6 21 25 28 31 35 46 81 84 126 141 146 147 172 173 183 193 195 216 217 230 238 256 278 306 313 319 322 327 360 366 386 392 401 409 425 426 433 441 456 460 472 506 522 527 529 531 539 560 576 617 
4 32 107 233 376 380 
