103194.00
6 61 120 203 217 227 239 260 264 286 347 358 413 466 473 526 551 594 596 619 652 656 659 662 720 783 806 846 866 868 904 926 931 972 978 989 
37 43 80 121 156 167 232 244 265 269 342 350 398 439 443 448 478 493 497 508 518 552 571 572 610 621 637 663 700 724 747 766 792 822 828 835 883 891 895 899 906 942 944 949 953 970 1000 
26 39 41 56 71 91 101 124 141 143 155 161 169 176 183 189 202 256 303 307 343 397 399 402 451 505 523 524 538 585 707 712 738 772 780 804 805 851 852 872 874 915 923 929 951 979 996 
118 235 242 283 483 519 632 654 655 757 801 998 
19 166 196 218 270 329 364 547 818 885 900 916 
22 28 53 92 102 107 127 128 160 162 172 182 233 238 294 334 366 460 517 533 554 560 567 573 598 605 638 658 664 666 727 752 754 758 760 770 832 842 853 854 879 894 928 937 939 980 983 
57 85 263 282 325 356 495 561 595 726 778 781 
13 40 60 72 131 192 219 222 259 274 293 296 406 469 507 575 578 611 613 640 642 673 686 714 730 777 797 798 859 860 869 882 896 902 907 920 981 
36 42 70 78 98 173 175 181 185 240 272 273 297 309 336 341 354 390 396 424 429 435 436 438 440 456 521 546 549 566 570 574 576 580 599 601 620 634 736 737 807 810 812 834 841 903 913 947 
10 24 52 64 67 73 82 86 116 125 129 146 151 158 163 171 180 200 204 206 228 241 253 300 310 319 361 363 367 369 382 387 395 412 421 434 441 444 452 486 500 509 516 522 527 529 548 589 590 617 622 623 641 648 653 680 682 701 729 762 774 817 850 855 865 887 889 943 945 962 977 
5 11 32 45 55 58 76 79 103 111 123 126 153 157 193 212 214 216 224 225 230 255 271 280 281 287 292 295 302 317 318 321 333 344 359 378 380 384 403 459 490 550 559 563 588 600 606 608 609 644 649 650 665 674 675 698 703 718 740 741 749 755 761 767 768 773 784 819 821 823 826 862 881 884 892 893 909 911 948 952 958 960 974 
142 165 306 465 514 591 802 829 849 871 898 922 933 
3 9 18 31 47 68 110 115 145 197 207 226 262 326 381 389 404 428 450 470 472 474 485 488 525 531 535 557 607 645 657 660 677 695 696 743 795 820 839 844 858 880 886 924 957 966 988 993 
51 134 285 290 612 631 635 837 838 921 941 995 
14 15 29 30 44 48 62 84 96 108 113 122 144 147 210 215 223 237 243 249 268 327 352 360 365 373 379 391 422 442 449 454 457 461 477 479 504 511 512 540 541 544 584 618 630 667 688 697 708 794 830 861 888 917 919 925 938 967 968 
8 20 25 33 87 95 105 109 132 136 149 154 177 184 187 201 208 211 229 246 248 276 278 289 298 323 338 340 351 368 372 411 415 416 417 426 430 432 462 475 476 481 502 503 510 513 553 558 581 604 647 691 702 705 725 742 750 759 765 785 796 811 824 836 840 845 848 857 863 867 905 912 914 918 932 940 946 969 976 984 990 991 999 
21 23 27 35 69 89 94 106 119 164 186 188 190 194 205 220 234 245 251 258 275 288 320 331 332 339 355 393 400 410 418 420 427 445 463 496 498 537 539 555 568 569 651 668 670 687 694 704 711 719 731 732 739 748 756 779 782 786 791 793 809 814 831 833 870 897 901 908 927 934 959 
2 7 12 34 46 49 50 54 88 114 117 133 137 150 178 209 250 261 266 277 304 314 316 322 328 330 353 371 376 386 392 408 419 437 447 468 471 480 482 487 491 494 501 506 530 532 534 562 579 582 586 614 626 629 643 646 669 676 685 706 709 723 744 745 746 753 763 769 775 776 788 799 813 890 910 954 956 963 965 973 987 992 994 
59 63 74 83 93 139 168 179 247 348 425 484 528 545 587 597 624 636 692 735 825 964 971 997 
4 16 65 75 140 170 191 199 213 221 267 299 301 324 335 377 423 453 467 520 583 593 603 615 625 633 713 728 734 751 789 803 816 864 935 986 
17 38 66 77 90 97 100 112 138 148 195 231 236 252 279 291 305 311 346 362 370 374 385 401 405 407 431 446 455 464 489 492 499 515 536 542 543 556 564 565 592 627 639 661 678 683 689 690 693 699 715 717 722 733 764 790 800 808 815 827 843 847 856 873 876 877 930 936 955 961 985 
1 81 99 104 130 135 152 159 174 198 254 257 284 308 312 313 315 337 345 349 357 375 383 388 394 409 414 433 458 577 602 616 628 671 672 679 681 684 710 716 721 771 787 875 878 950 975 982 
