14805.62
18 81 103 115 122 133 154 163 228 284 311 318 320 354 367 386 395 434 455 478 489 508 525 561 565 571 573 619 787 951 967 981 
20 26 43 106 107 135 156 159 166 170 187 219 231 239 244 246 265 277 282 293 340 373 412 427 441 492 500 534 548 552 588 665 671 702 734 735 762 842 876 880 910 946 961 966 
10 101 137 167 172 188 206 281 304 346 421 496 568 621 689 724 727 736 803 829 840 890 957 960 
70 150 152 153 169 185 400 424 467 506 585 674 716 746 791 836 855 859 901 903 942 950 956 958 
4 60 64 83 105 158 182 200 201 212 216 221 230 252 257 305 333 365 416 419 442 462 510 526 533 564 578 602 620 628 629 650 662 685 686 687 728 793 804 832 857 864 875 894 915 968 980 987 994 
30 86 123 125 220 226 249 297 302 352 359 375 422 433 466 475 494 513 532 549 672 681 780 789 845 872 893 897 909 921 922 934 953 963 997 
9 15 19 95 97 121 128 160 162 335 350 380 393 429 457 501 528 530 624 627 634 641 655 660 709 817 862 924 965 
12 22 27 28 52 72 88 98 124 145 259 274 306 349 360 398 408 463 537 580 581 623 670 705 708 763 806 868 973 
82 142 222 229 264 291 312 316 341 355 356 366 414 420 477 490 517 605 615 639 673 694 699 713 753 771 834 851 920 
29 35 41 46 138 144 189 198 238 279 331 379 459 575 598 601 618 622 691 752 785 798 831 940 
14 118 119 129 146 155 263 357 377 381 413 447 452 481 483 484 495 504 515 617 636 775 779 784 825 858 871 914 969 977 984 993 
55 102 131 190 269 294 323 329 411 431 432 540 545 610 614 668 669 679 719 743 765 768 777 799 809 822 853 
25 85 140 165 227 288 343 394 405 407 465 802 827 867 879 899 932 941 
99 113 127 196 203 234 237 270 280 307 309 317 327 344 358 364 382 388 425 446 559 582 590 591 592 707 739 769 778 848 898 927 
24 73 176 205 211 255 370 410 445 473 485 558 563 583 626 631 649 697 717 731 737 807 812 877 933 945 986 
51 174 183 209 283 363 378 450 468 555 603 684 703 723 730 744 751 819 892 895 970 
11 17 192 235 242 276 339 362 383 387 437 448 456 461 535 584 632 644 733 754 767 905 906 944 947 976 978 
90 104 108 112 177 186 217 224 225 328 334 401 426 542 556 566 577 597 607 613 637 652 659 693 748 774 837 849 908 917 954 995 
63 111 258 268 295 299 440 464 640 740 742 818 
32 44 65 69 91 110 151 173 275 285 324 332 430 444 471 498 521 544 574 579 616 661 678 711 792 810 841 846 887 925 928 929 930 937 983 
39 40 59 68 74 109 197 207 241 286 287 384 392 436 546 557 593 594 606 608 625 633 638 645 720 722 766 782 795 830 860 866 
33 36 37 56 116 143 148 210 247 403 449 507 562 696 698 700 761 770 796 844 850 854 881 971 
1 23 31 53 58 75 215 236 243 266 289 336 454 487 502 514 516 543 570 646 741 750 783 811 835 838 839 938 962 
34 93 130 164 202 223 240 351 417 476 547 648 813 919 935 936 952 996 
7 38 84 147 175 179 199 214 251 267 292 308 325 337 385 435 491 493 511 541 560 586 667 676 692 701 745 757 797 816 861 873 886 916 918 943 959 991 
168 300 389 788 900 
13 54 100 126 149 161 191 233 342 368 371 406 438 443 509 599 663 690 726 800 856 863 882 911 
8 47 92 134 273 330 399 423 488 587 612 715 725 747 794 865 878 931 
141 157 178 180 193 213 232 248 314 338 374 376 391 397 409 428 480 519 520 539 572 642 643 647 706 710 756 758 823 847 852 913 964 975 988 
21 49 61 67 80 171 184 218 262 290 296 321 458 486 499 518 527 596 604 675 712 755 759 869 926 972 982 
16 42 45 78 136 181 195 204 208 250 253 272 310 313 319 369 439 460 470 522 531 536 550 551 554 567 589 595 657 664 666 688 714 732 773 786 815 821 824 874 883 
76 245 453 472 653 656 718 801 808 
2 6 48 57 62 66 117 139 194 260 345 347 451 479 512 523 680 749 772 814 891 949 985 992 
5 71 254 256 261 271 301 372 538 609 630 776 907 979 990 
50 96 114 303 322 326 348 353 390 404 418 469 482 497 505 553 569 611 635 658 683 729 738 764 781 826 828 843 870 884 888 889 896 902 904 912 939 989 
3 77 79 87 89 94 120 132 278 298 315 361 396 402 415 474 503 524 529 576 600 651 654 677 682 695 704 721 760 790 805 820 833 885 923 948 955 974 
