7639.40
1 69 75 91 110 120 137 143 153 182 280 306 311 445 527 569 686 798 
130 177 184 236 271 312 365 376 395 396 405 463 475 490 507 518 549 562 571 577 603 618 634 734 737 742 750 774 
53 103 104 142 200 213 258 332 346 355 379 493 505 529 554 576 620 663 671 695 717 725 729 803 
8 30 56 60 127 146 151 163 189 192 196 206 249 347 348 430 459 495 517 581 617 672 683 721 752 753 757 
4 7 21 38 77 167 195 239 310 370 441 504 546 547 592 601 627 641 653 656 701 704 773 789 805 
41 259 587 718 
23 52 65 73 80 119 276 284 461 480 532 624 699 768 
161 225 434 528 535 777 791 
18 25 115 171 204 209 326 336 364 368 371 424 477 556 596 610 646 679 684 703 745 761 
27 44 97 99 197 198 226 439 454 469 474 514 543 632 639 660 661 668 733 754 770 
85 164 515 622 728 
57 129 179 263 286 297 325 331 473 497 522 553 557 568 657 685 691 707 708 749 769 793 
22 29 55 78 84 93 94 98 166 194 241 269 270 369 389 391 466 486 496 516 520 533 599 602 715 722 746 778 784 808 
317 323 710 760 
15 54 64 273 419 625 635 
61 148 159 
112 118 125 190 230 268 351 400 435 502 597 633 724 730 736 765 
16 114 116 147 154 193 275 279 299 335 382 416 421 425 456 457 542 551 570 604 608 647 689 739 
47 100 126 131 144 152 180 217 218 341 394 399 403 410 423 437 460 588 590 664 665 667 669 714 743 787 795 797 807 
81 92 108 133 162 173 210 235 252 254 264 265 309 329 352 464 488 513 523 586 676 696 706 709 758 767 771 775 801 
14 72 101 105 132 185 220 227 251 274 339 433 436 462 491 501 558 564 584 591 593 614 631 650 651 782 786 
3 10 36 63 96 155 234 242 327 468 508 512 550 559 565 583 613 638 644 755 804 
48 59 102 150 232 289 304 324 338 340 358 359 426 446 458 472 489 510 519 619 658 666 680 694 700 712 731 732 756 
35 169 202 224 293 303 322 449 530 552 598 606 675 681 738 744 785 
24 26 31 82 157 176 181 250 261 267 285 302 330 353 378 381 383 484 485 511 525 674 682 720 741 783 
128 215 372 404 637 677 
2 49 76 106 207 222 266 278 282 350 360 444 470 531 643 716 719 
12 67 86 95 145 156 160 233 290 453 560 595 628 654 673 713 764 
43 123 191 214 244 294 342 366 401 402 411 420 499 524 555 600 747 
183 367 589 702 
45 66 68 136 168 170 172 186 208 229 240 295 377 431 432 443 539 561 563 616 649 781 790 809 
138 211 257 292 319 408 438 478 574 759 
70 87 333 471 
34 37 58 88 109 139 201 216 349 356 375 380 392 413 428 440 447 479 521 566 573 585 645 687 780 792 800 
6 39 42 135 188 231 245 246 288 316 343 363 393 397 417 442 482 612 630 748 794 
90 111 113 205 256 260 281 321 387 407 414 429 503 538 545 572 621 626 648 698 723 727 
9 46 121 140 199 228 243 287 296 301 314 390 406 452 455 498 500 506 536 540 544 575 690 692 693 705 751 776 796 
32 141 174 219 223 253 283 307 320 385 409 451 492 509 579 607 636 697 740 806 
28 117 247 255 308 318 334 345 386 398 448 476 481 541 578 580 678 688 
11 40 71 158 212 238 262 298 315 344 526 567 582 605 609 662 762 779 
291 467 772 
17 51 107 122 165 203 272 305 313 337 357 361 374 412 415 418 465 537 594 629 640 642 652 655 670 711 763 802 
5 19 74 79 83 124 149 187 328 354 384 483 534 548 615 623 766 788 
20 33 62 89 300 373 388 611 726 735 
13 50 134 175 178 221 237 248 277 362 422 427 450 487 494 659 799 
