1020.69
39 41 87 171 
11 92 148 
22 28 88 147 
143 151 152 
12 32 81 139 
33 49 82 146 
29 55 91 134 
3 48 150 177 
21 38 79 159 
83 
54 94 172 176 
6 60 97 131 
45 51 111 118 
47 141 166 169 
17 59 65 149 
77 101 107 161 
71 109 129 153 
43 52 67 168 
58 104 105 121 
74 78 110 154 
61 64 73 90 
15 24 57 95 
50 123 130 140 
40 42 53 
19 80 167 173 
20 108 122 157 
18 127 136 137 
34 117 124 180 
96 112 113 181 
26 31 102 138 
85 114 160 
13 68 93 126 
63 125 174 
25 62 144 165 
84 106 170 178 
16 36 66 
5 119 132 
4 98 142 
103 158 175 
69 72 145 
23 35 128 
46 135 164 
70 115 156 
7 10 179 
56 86 100 163 
2 8 76 
9 30 75 155 
14 99 120 133 
1 27 89 116 
37 44 162 
