9914.33
17 427 440 455 482 528 551 573 633 699 709 710 728 745 914 925 938 977 
22 43 206 249 271 294 404 414 592 758 759 880 
35 45 47 100 189 209 216 237 283 328 375 387 408 416 441 442 505 534 568 585 589 640 732 746 777 797 799 801 805 857 963 979 999 
77 182 207 257 332 338 380 496 690 705 
191 266 322 378 425 428 502 506 546 554 602 610 617 646 684 685 731 735 744 845 904 912 976 
2 9 12 89 250 253 318 384 426 451 503 518 553 614 620 652 674 712 725 755 853 876 882 886 941 965 
103 105 177 178 244 673 748 769 784 836 917 943 
16 23 36 55 66 72 74 109 144 195 202 208 273 280 291 325 424 430 499 510 565 582 587 600 612 629 706 865 967 981 987 
174 192 297 543 615 766 776 
38 54 81 126 128 139 147 165 240 275 351 354 402 450 493 563 631 632 649 650 678 683 722 787 789 829 846 850 868 905 937 989 990 
28 91 97 131 187 219 299 361 365 374 382 411 434 481 509 524 525 549 566 621 622 654 664 665 693 719 756 772 807 841 844 866 951 
58 61 88 119 238 285 492 519 595 619 648 740 835 875 892 916 926 932 973 
5 73 75 86 94 134 183 190 231 232 236 289 343 349 350 358 381 393 418 533 580 641 802 809 874 971 
4 95 108 203 215 270 282 319 395 409 537 572 574 708 713 793 828 833 837 942 993 
69 200 228 252 461 498 523 613 855 
8 173 198 255 260 330 459 576 586 606 808 814 945 994 
6 132 196 235 446 448 484 511 668 854 959 986 
27 101 377 779 992 
161 242 316 347 355 407 419 422 429 471 477 564 581 618 682 687 694 729 757 761 762 881 893 902 927 929 952 956 984 
251 431 495 806 869 920 922 928 
13 41 50 57 113 114 172 197 281 287 312 327 362 473 513 526 540 561 584 651 743 753 788 791 792 827 847 862 867 906 944 
33 102 122 246 247 345 366 443 501 535 571 634 660 661 679 910 
96 118 133 220 423 522 531 826 834 900 
34 46 93 110 123 137 171 205 217 225 310 321 360 386 444 467 488 516 530 536 557 601 611 657 738 883 924 939 972 
76 293 298 353 356 359 638 716 727 763 864 895 908 915 933 998 
51 155 167 193 222 437 460 508 556 558 623 647 800 813 817 820 931 950 1000 
143 304 843 
106 107 150 405 514 515 541 583 624 637 659 696 796 816 825 871 
63 99 136 181 245 261 284 372 436 445 454 463 476 487 625 768 798 907 996 
37 116 153 158 180 233 300 315 368 412 413 474 483 598 607 609 765 821 842 896 897 903 919 
20 214 258 331 334 597 898 935 
39 40 163 286 311 352 469 680 
120 199 279 313 775 
7 10 64 130 186 204 227 234 241 254 264 277 406 453 458 497 532 608 626 627 658 689 691 720 723 739 754 778 811 838 879 936 974 980 988 991 
21 26 52 84 85 90 92 115 157 159 176 218 301 309 452 504 555 562 810 824 901 
337 671 698 734 877 923 
11 25 32 49 60 80 111 127 164 166 210 229 230 248 288 323 340 512 527 529 545 593 644 663 670 749 751 774 849 851 888 890 894 947 964 
59 70 117 156 324 367 373 392 432 433 500 605 655 667 669 697 700 721 752 858 891 958 970 982 
30 68 79 121 140 162 175 223 290 363 435 449 462 490 521 544 550 616 628 688 703 803 832 878 918 934 
15 42 82 129 160 211 256 262 269 274 295 307 396 398 438 464 538 542 559 591 662 686 726 741 781 786 873 909 913 949 969 
18 31 48 112 154 267 303 357 383 390 391 439 639 681 718 730 818 885 911 921 953 
83 141 188 371 666 672 764 812 861 995 
135 138 169 170 184 194 226 305 308 336 344 364 370 379 410 466 485 539 570 594 596 599 630 643 702 714 815 819 831 859 889 899 962 
65 149 346 397 399 417 480 575 635 645 676 711 724 733 736 783 848 856 957 960 966 
19 124 179 201 213 278 389 394 420 479 494 507 692 695 737 804 822 
56 146 263 276 306 475 517 552 588 653 715 782 785 823 870 983 
1 71 98 104 142 148 168 259 272 292 320 329 335 547 548 579 604 642 656 747 760 770 773 794 840 887 930 955 978 
3 29 53 62 67 87 224 239 265 302 339 342 369 376 400 447 457 465 491 560 636 675 707 750 767 790 830 852 860 872 940 954 961 968 985 
78 185 221 268 314 317 333 348 401 415 456 472 478 486 520 578 677 701 704 717 742 780 946 975 
14 24 44 125 145 151 152 212 243 296 326 341 385 388 403 421 468 470 489 567 569 577 590 603 771 795 839 863 884 948 997 
