9737.76
2 32 108 211 459 585 672 713 997 
310 325 626 831 
92 113 943 
100 152 234 267 432 474 631 657 771 
213 252 274 280 335 498 545 604 787 817 944 
76 107 185 225 339 461 471 520 758 949 966 
253 305 429 458 543 635 665 
187 204 388 411 469 538 555 728 942 
57 121 212 384 407 582 837 929 965 
87 268 276 351 439 568 668 820 899 
61 112 327 397 405 464 468 601 617 778 948 
200 278 381 517 584 884 
191 385 494 539 720 
182 286 345 502 513 725 
17 266 479 
33 248 258 259 507 525 566 594 756 803 887 
34 47 247 506 527 709 
18 31 71 237 430 435 757 784 927 
244 382 824 
353 500 557 597 648 
11 25 78 85 110 142 193 197 256 301 342 359 363 393 447 453 505 529 540 541 548 650 651 693 747 779 798 835 849 865 874 878 898 912 951 977 
46 58 79 156 186 241 331 495 523 544 690 795 807 852 922 
171 332 426 510 711 
52 65 105 183 195 227 233 261 270 285 300 303 392 415 422 477 522 599 616 674 688 710 717 738 772 792 804 808 863 959 962 986 990 
45 82 117 189 215 275 291 296 436 463 475 592 698 721 768 879 880 889 939 995 
155 271 324 516 532 789 
4 9 95 102 127 146 162 205 263 402 512 518 536 559 561 574 661 666 679 706 767 790 875 894 907 
29 55 148 153 340 362 368 431 483 572 598 752 816 841 868 935 987 996 
14 16 38 111 217 224 360 511 567 619 658 770 785 809 
48 123 172 283 354 374 465 481 546 549 578 610 739 793 871 963 999 
5 42 66 70 89 101 106 126 134 135 194 243 369 478 488 491 547 569 615 630 667 786 791 822 834 844 851 895 916 930 979 980 992 
26 37 51 67 119 196 219 235 289 346 352 380 400 406 424 446 473 487 550 593 614 618 639 659 722 723 754 782 845 858 864 902 903 971 988 
3 22 173 192 201 250 295 304 315 343 371 386 401 433 449 452 455 581 607 664 673 675 696 742 749 762 840 873 882 934 976 
15 68 128 157 167 188 202 209 236 309 328 378 427 440 476 484 496 526 560 606 623 636 646 654 705 712 731 759 761 818 998 
40 81 103 147 161 175 181 239 290 348 357 358 370 450 497 515 570 576 586 602 629 640 642 700 703 730 836 857 891 901 921 937 970 
7 39 62 124 131 138 168 170 210 222 260 281 364 408 412 425 437 489 564 565 622 628 671 699 715 740 751 801 810 854 872 911 945 967 968 
21 30 72 158 199 208 218 221 229 273 279 282 311 421 467 482 521 552 579 605 683 732 764 794 826 846 918 920 924 928 947 960 973 985 
19 20 44 83 97 149 177 220 287 308 338 341 365 434 460 472 533 571 588 613 669 676 684 733 763 765 781 833 883 888 914 926 957 989 1000 
12 13 73 91 114 169 223 238 245 257 284 299 367 376 410 509 535 553 589 655 694 695 714 724 760 825 843 877 890 897 913 923 940 952 978 
27 141 164 176 206 232 306 320 322 336 373 379 404 441 493 537 580 595 687 735 737 780 811 830 861 869 905 908 933 950 983 
10 24 50 59 151 184 207 214 292 344 375 387 417 456 499 531 590 608 611 686 701 727 734 819 860 941 953 964 982 
60 104 109 130 144 145 166 180 226 298 366 377 423 445 470 480 587 641 662 746 753 802 814 848 881 886 909 932 969 984 
23 41 77 88 115 140 154 178 249 307 337 355 389 438 448 490 504 573 624 632 685 726 743 755 800 805 823 829 862 893 900 974 993 
35 93 94 99 122 132 150 198 255 262 313 372 391 396 419 442 514 519 534 556 563 609 633 652 663 681 682 783 796 812 828 838 866 867 938 975 
80 98 129 254 277 312 318 334 350 356 383 414 420 444 501 528 530 542 600 625 644 645 656 660 689 741 777 827 876 931 981 
28 63 64 216 240 251 288 294 302 321 326 329 347 403 409 508 591 596 603 612 670 677 691 697 707 797 806 847 856 859 870 906 917 
36 49 74 116 125 179 203 230 264 265 316 333 390 395 398 413 462 486 524 558 583 653 680 704 718 745 766 769 775 832 896 904 919 925 936 955 
1 6 56 69 84 86 160 190 246 269 293 297 317 323 416 428 443 451 575 638 643 678 708 729 748 773 774 813 850 853 855 885 946 972 994 
53 54 90 96 118 137 139 143 163 242 272 319 349 361 418 457 492 551 554 562 637 647 649 719 736 776 788 815 839 910 915 956 958 
8 43 75 120 133 136 159 165 174 228 231 314 330 394 399 454 466 485 503 577 620 621 627 634 692 702 716 744 750 799 821 842 892 954 961 991 
