12014.05
95 350 698 
142 299 419 606 839 
86 314 658 
29 107 206 355 500 601 770 879 
144 268 451 629 842 
147 282 463 612 840 
73 320 695 
81 327 444 639 825 
545 670 
111 261 465 625 808 
600 685 
9 450 679 
403 792 
490 756 
10 260 777 
151 296 412 602 837 
276 927 
126 270 423 618 828 
58 295 499 627 849 
145 257 418 640 835 
19 22 31 53 59 131 133 176 194 200 223 229 233 298 340 345 348 352 364 390 426 436 475 485 507 530 555 580 586 607 642 682 699 717 722 729 758 783 810 827 872 878 898 911 922 961 983 988 
38 42 50 51 62 105 143 183 192 197 209 222 247 284 306 325 344 374 391 422 427 430 460 487 511 529 552 568 588 616 631 668 700 711 730 731 759 789 826 848 861 873 877 902 929 959 968 973 
6 17 24 61 75 120 149 169 186 195 201 207 231 273 303 322 334 360 396 402 407 434 481 506 518 523 553 557 576 614 641 659 664 681 721 744 771 795 800 832 863 892 897 904 930 955 987 995 
30 55 65 83 115 136 148 152 175 227 249 253 278 302 318 357 369 394 406 414 459 483 502 505 547 554 559 628 638 675 693 706 719 751 753 785 814 838 859 893 905 920 928 974 993 
5 27 60 70 85 138 139 196 205 225 242 252 265 310 330 371 392 400 417 425 461 476 515 528 531 564 587 617 677 691 694 733 741 766 767 781 807 858 875 876 891 909 938 982 992 
2 15 80 100 114 141 162 171 218 224 240 285 294 315 341 361 362 387 409 431 478 480 509 532 567 582 594 610 619 671 684 701 714 764 776 779 804 844 851 886 940 945 947 981 990 
12 37 69 88 99 102 113 182 210 217 230 288 292 304 331 354 367 438 449 462 488 512 522 546 598 599 647 656 678 686 742 746 775 782 805 843 867 894 908 926 950 960 967 
28 32 56 84 109 112 123 167 178 226 237 256 258 309 312 351 365 386 440 442 455 494 501 519 525 556 565 646 666 667 702 710 745 778 784 790 815 823 868 888 917 932 980 996 997 
3 11 14 57 68 124 125 179 188 204 251 290 291 319 337 339 395 408 445 482 497 517 520 527 593 622 645 651 657 673 704 725 765 798 801 817 882 884 903 907 921 957 977 
13 36 82 87 103 119 129 160 208 243 246 254 263 308 332 353 359 382 416 448 491 492 521 537 549 573 581 605 613 687 688 705 739 749 762 788 816 829 864 883 910 941 958 970 994 
4 35 47 79 98 116 122 158 180 184 211 215 216 300 323 324 333 366 399 401 447 452 456 466 514 526 562 590 595 603 643 653 663 708 732 763 794 799 819 841 845 854 889 931 942 956 965 986 
39 41 66 78 89 106 128 156 173 193 213 220 228 287 328 338 347 363 388 415 421 469 474 498 513 540 550 569 571 611 615 632 676 709 727 734 773 787 836 846 855 857 869 914 936 952 975 979 
16 40 44 52 54 132 140 155 172 191 214 219 275 277 293 326 342 370 372 376 410 472 493 496 539 541 570 578 589 624 626 634 674 720 736 750 755 793 802 830 853 885 900 906 919 971 972 985 
7 8 43 74 93 110 117 164 165 189 221 250 262 274 289 349 358 368 377 384 413 458 470 489 516 534 566 583 592 644 650 655 672 692 715 740 760 797 822 850 852 887 895 915 933 964 969 1000 
21 25 64 90 134 150 154 181 198 238 245 267 279 313 316 336 383 385 424 441 477 495 535 538 548 577 596 623 633 654 661 713 724 752 769 774 811 831 881 890 924 934 943 962 966 
46 48 92 94 130 146 161 190 199 202 239 255 259 281 321 343 378 381 433 437 446 454 471 524 536 572 575 585 604 609 660 683 696 723 747 786 796 809 818 821 865 918 935 949 951 984 991 
34 49 76 91 121 135 153 159 177 234 244 264 272 305 307 356 373 397 429 443 457 479 508 542 560 579 591 608 630 652 665 707 712 735 768 791 833 847 856 866 912 913 925 963 999 
20 26 33 63 96 101 118 163 187 212 236 266 280 317 346 375 389 404 432 453 467 468 510 543 551 635 636 637 662 669 718 728 738 754 803 806 862 870 874 923 946 954 998 
18 23 45 71 77 108 127 166 168 170 235 241 248 286 297 329 335 379 380 411 420 435 464 484 503 533 561 563 584 621 649 689 690 703 716 743 761 772 812 820 834 896 899 916 937 944 953 976 
1 67 72 97 104 137 157 174 185 203 232 269 271 283 301 311 393 398 405 428 439 473 486 504 544 558 574 597 620 648 680 697 726 737 748 757 780 813 824 860 871 880 901 939 948 978 989 
