10001.94
78 101 224 387 509 562 619 620 697 765 822 823 908 954 970 
45 174 380 612 
187 313 988 
46 113 154 179 259 273 315 390 418 480 518 552 601 613 615 624 690 792 818 963 981 
109 131 151 167 352 363 364 444 447 555 558 711 746 755 943 
30 172 398 457 675 957 
88 210 482 666 674 998 
44 559 587 618 835 843 
12 169 284 319 706 953 
68 70 98 140 165 196 202 250 324 376 420 465 540 564 578 591 678 700 754 769 867 874 884 890 978 
54 62 63 106 107 124 240 288 342 350 351 386 417 425 483 511 548 553 554 567 600 636 646 651 661 667 681 703 708 731 734 741 750 782 799 800 817 819 860 910 949 955 969 991 995 
132 190 576 628 736 739 809 926 
69 79 95 99 100 156 158 193 334 405 435 438 549 556 825 831 865 889 907 931 958 961 976 
25 85 326 354 470 501 614 642 892 983 
11 14 60 184 248 263 266 434 474 497 533 542 691 715 770 783 797 863 886 887 960 972 975 
87 227 280 361 366 530 536 570 793 883 912 922 966 
51 82 112 203 299 433 705 869 876 909 
5 24 56 144 235 241 347 410 419 513 594 635 673 837 973 
18 38 41 77 133 200 231 255 264 265 295 305 320 349 353 362 373 384 395 409 411 413 424 485 506 572 589 645 648 652 662 726 729 748 760 763 764 779 839 941 
21 47 287 355 446 450 466 698 719 742 808 885 895 915 939 
114 162 173 243 346 455 460 502 522 714 745 775 784 861 880 914 948 982 997 
42 72 73 83 90 123 176 186 189 219 271 275 328 338 382 408 451 478 481 516 517 545 625 653 677 716 724 804 845 871 882 894 936 944 956 1000 
33 40 75 111 121 137 391 394 404 436 439 487 493 505 507 514 523 528 532 565 580 631 634 669 676 688 732 757 771 900 911 921 933 938 942 979 986 989 
13 127 129 146 261 270 286 392 415 541 699 707 812 813 832 836 842 847 856 940 968 
116 147 199 236 239 245 285 294 298 312 331 332 377 422 431 437 476 489 529 534 560 657 672 684 701 721 725 738 790 805 824 829 846 868 899 990 
57 71 128 213 267 316 335 426 539 806 858 862 879 
53 76 252 310 340 393 396 412 430 469 535 581 586 597 604 606 611 641 654 709 735 752 753 820 920 
19 58 65 96 134 135 143 149 153 159 177 229 246 253 260 272 308 318 477 499 504 547 561 622 627 640 655 659 668 679 692 693 728 749 767 881 916 967 
198 399 491 796 893 987 
43 97 484 515 593 663 710 774 864 996 
8 122 211 214 421 566 626 637 658 762 773 785 786 905 928 947 974 
519 898 932 
10 31 48 64 67 104 142 185 216 258 292 323 443 449 472 492 500 538 577 588 605 610 617 644 647 650 656 670 718 722 781 816 849 851 888 919 
49 89 208 251 317 333 375 609 680 689 815 875 965 
32 52 59 103 119 136 152 175 205 233 249 300 309 330 339 341 360 379 383 389 407 423 463 464 531 543 557 569 574 579 616 632 695 727 776 789 798 801 833 840 844 855 903 913 951 
17 125 150 155 191 215 244 276 277 325 357 370 381 416 432 448 461 512 527 607 686 704 992 
16 23 28 36 61 192 204 207 218 268 281 291 344 374 445 453 468 486 490 494 520 743 766 787 794 841 853 877 934 946 980 
367 403 571 759 810 901 
1 86 94 178 195 209 283 296 304 311 322 358 359 378 414 441 473 496 717 761 791 828 904 
27 29 34 302 337 343 369 385 400 452 585 665 777 814 826 897 950 
575 720 778 
2 74 91 92 126 138 141 148 194 217 223 225 242 254 257 336 368 459 475 498 503 583 590 664 696 838 848 854 857 896 924 930 937 945 
4 55 237 247 279 314 388 442 508 730 772 902 971 999 
6 15 66 80 102 160 170 171 197 230 234 274 290 297 401 467 488 524 544 599 608 633 638 639 671 685 744 747 758 780 803 850 866 870 917 927 929 935 984 994 
9 20 22 35 84 93 108 110 163 181 212 220 256 293 303 327 329 397 427 429 440 456 526 537 551 568 629 660 702 712 713 768 795 827 852 872 959 964 985 
39 130 164 166 188 201 238 262 269 306 356 402 550 582 596 598 643 821 830 952 962 
3 7 26 50 105 117 139 157 168 182 183 206 221 282 289 365 372 458 471 479 510 521 546 584 592 595 602 603 623 630 649 682 683 687 694 723 733 737 740 751 788 859 891 977 993 
115 118 161 228 232 406 495 621 873 878 
37 81 120 145 180 226 278 301 307 345 371 428 462 525 573 756 811 834 906 918 923 
222 321 348 454 563 802 807 925 
