9437.13
59 131 135 201 480 482 510 634 648 756 757 783 791 960
50 342 479 646 813
8 41 68 78 149 179 264 277 352 382 444 473 505 513 536 538 550 572 586 588 624 644 694 739 794 894 920
75 181 244 246 278 291 348 371 426 438 440 542 573 576 618 620 782 931 952
85 115 121 221 274 301 347 362 379 431 436 459 595 633 689 725 805 806 810 905 945 999
138 169 296 407 410 416 465 528 768 892 896 986
19 25 81 132 161 184 197 222 248 273 308 312 415 422 461 467 523 590 610 617 629 652 658 682 741 781 796 823 880 883 929 941 953 957
148 238 304 374 442 478 484 535 567 574 585 594 604 637 720 858 867 897 911 948
136 150 217 237 280 283 300 309 349 443 447 486 525 545 564 577 636 641 656 679 701 702 729 743 753 802 868 902 955 966 970
205 428 454 552 583 736 846 877 924 930 995
153 182 215 234 255 268 346 350 427 446 551 839 852 985 994
12 45 57 111 124 180 186 214 219 263 275 287 289 315 316 324 377 506 548 635 821 836 866 916 974 987
21 40 54 77 99 108 171 233 306 418 463 599 649 651 674 740 776 832 848 864 926 954 981 1000
142 195 260 267 340 355 723 793 869 914
30 103 120 144 187 241 403 663 668 773 876 978 996
213 265 334 373 376 512 559 575 584 619 623 665 666 834 857 938 940
24 36 170 188 344 386 393 494 630 686 699 712 779 918 997
5 70 80 87 175 239 254 322 394 434 451 470 543 597 627 640 721 732 807 895 912 989 990
1 7 48 92 218 288 417 527 592 601 603 606 661 715 719 737 759 842 935
2 11 34 44 46 71 166 167 199 200 242 261 279 326 333 339 405 406 408 452 530 540 580 761 787 803 824 881 898 977 984 992
100 364 516 531 612 717 786 982
29 31 89 117 126 172 203 204 220 230 245 247 252 266 284 298 354 365 400 412 432 456 466 481 487 500 511 657 670 710 745 746 819 909 944 949
38 63 64 113 114 116 151 177 193 211 307 343 413 474 493 596 664 696 747 764 775 800 812 835 840 950
360 602 671 808 829
82 435 458 738 790 879 964
122 134 243 270 299 331 398 532 554 706 804 826 855 917 937 939 965
72 123 127 133 137 276 321 328 359 383 476 490 785 946 947
79 91 105 155 183 198 259 262 311 319 357 391 401 420 429 477 488 522 533 568 687 769 792 811 822 854 887 908 975
378 614 742 831 993
47 49 141 158 208 227 249 282 318 330 381 471 608 667 672 816 838 850 915
9 13 33 130 147 159 206 228 231 293 305 325 327 335 387 611 622 625 628 643 645 677 770 799 820 837 843 893 971 983
17 35 156 168 185 209 226 320 351 361 397 457 472 485 492 514 519 537 562 571 579 673 678 680 748 749 767 809 900 967 969
3 52 60 112 118 160 212 225 229 332 353 419 448 495 591 684 755 762 921 922 932 979
22 165 207 257 272 281 395 411 468 503 507 529 549 555 560 607 621 704 727 760 878 891 927 998
43 55 129 163 196 251 269 290 297 356 367 372 464 509 526 547 556 642 654 675 750 751 763 788 841 862 871 886 904 913 951 968
16 18 20 23 26 65 66 88 95 97 119 174 192 258 341 539 541 566 582 705 716 754 833 870 890 942 962
10 51 67 86 96 102 139 143 285 404 445 450 508 521 593 632 655 697 713 714 722 730 765 830 844 849 853 860 863 903 959 973
6 32 39 107 152 190 236 253 338 402 409 424 449 489 491 598 662 728 784 817 851 872 873 934 958 976
42 157 176 194 202 224 256 388 396 423 430 517 520 605 613 685 801 910 956
363 496 683
53 61 76 110 125 303 323 366 392 462 497 518 600 609 631 669 690 703 707 758 766 772 814 845 882 928
104 302 317 384 390 639 653 734 778 795 818 988
27 28 271 295 345 375 380 425 433 437 439 441 483 515 524 546 561 565 700 711 780 856 859 884 885 899 923 933 961 963
37 74 90 93 173 691 698 925 972 991
14 94 286 789 861 943
56 58 109 128 154 178 189 232 240 250 358 389 414 469 553 581 587 660 692 709 724 731 774 889 906 919
101 140 164 210 292 310 329 336 369 453 460 501 544 557 558 563 647 650 676 688 718 726 733 735 744 847 907
4 15 62 73 84 106 145 223 235 294 314 368 385 399 498 504 534 578 589 615 638 659 708 797 815 825 827 828 865 874 875 901
69 83 146 162 191 216 337 370 455 475 569 570 616 626 681 693 752 771 777 798 936 980
98 313 421 499 502 695 888
