9504.26
86 144 157 164 168 273 330 408 409 410 412 424 439 471 671 699 736 772 789 849 862 973 987 990
60 104 112 118 139 186 251 301 331 446 485 495 589 663 692 707 726 775 802 869 891 907 950
50 55 160 188 240 270 295 306 399 416 420 437 441 451 496 526 529 619 757 766 768 915 964
5 13 43 241 256 283 429 450 463 487 617 639 817 948 982
30 39 75 159 205 214 219 321 391 479 489 519 546 585 690 733 818 937 997
59 88 127 390 454 508 509 511 553 748 783 841 844 855 899 936 989
51 286 309 829 977
9 106 124 152 221 229 250 289 300 324 351 353 392 411 470 510 536 537 565 607 635 659 661 676 698 705 751 778 808 812 835 839 861 877 952
73 100 135 253 462 518 560 625 665 702 734 785 815 975
123 176 435 645
90 148 314 615 632 703 742 744 889 908 953
3 41 137 189 194 275 284 317 389 403 482 512 539 562 583 595 605 624 634 689 710 713 714 720 761 792 821 888 897 932 967
77 119 131 456 459 503 662 682 750 753 762 770 800 805 872 923 947
23 32 84 96 103 115 170 238 272 280 298 359 423 457 458 666 719 758 763 769 781 831 853 875 919 925 939 971 978 981 986
121 172 426 440 500 749 985
7 15 42 49 58 87 138 154 167 226 267 319 338 394 447 488 494 549 602 616 636 651 678 725 779 900 916 958 966
113 136 195 242 259 348 364 528 535 551 563 573 613 643 728 740 782 811 836 847 859 865 867 974
40 45 57 71 94 98 182 184 212 225 236 262 281 328 352 365 586 600 657 669 672 683 708 790 830 832 845 858 863 879 886 894 898 934 955 991
2 47 67 69 81 161 177 209 249 293 312 368 374 404 427 552 598 621 658 680 840 927 931 944
130 201 597
4 28 29 37 54 74 149 173 178 199 237 294 302 311 320 342 377 386 397 517 531 554 556 576 590 596 804 806 850 896 921 930 946 976 984 993
11 53 65 91 95 97 217 247 333 380 381 382 418 474 507 591 623 649 654 693 784 902 906 910 942 992
16 38 190 304 421 452 464 465 568 572 577 579 588 612 664 697 745 754 771 809 834 854 954 988
12 85 231 257 268 271 336 476 534 547 631 640 752 814 922
18 20 61 68 93 120 143 150 155 179 181 215 344 371 460 472 473 498 542 594 686 729 777 813 825 826 838 864 880 913 929 957
36 52 76 101 133 204 216 313 414 430 461 466 480 516 569 627 696 706 715 730 739 747 755 786 787 979
83 109 128 169 232 235 258 310 360 413 431 622 642 712 722 738 746 774 791 799 866 871 940 980
220 261 278 325 327 343 400 438 522 644 655 892 895 903 956
48 56 108 126 132 140 147 203 206 208 326 346 356 436 448 455 467 486 490 492 521 525 559 578 599 652 670 685 721 764 767 796 873 881 890
66 105 125 180 227 264 277 282 291 299 350 375 376 378 384 398 406 417 422 530 660 668 704 737 857 876 941 951 983
26 70 141 233 254 323 347 484 514 520 532 620 687 694 717 743 759 780 914
89 114 248 373 570 823 998
6 24 82 110 192 263 279 308 354 443 515 533 543 601 618 646 679 793 851 856 933
145 156 288 316 363 379 401 407 442 592 614 626 723 827 884 901 920
34 35 64 102 134 162 193 239 334 357 372 444 453 469 505 524 603 675 688 700 732 765 794 822 828 874 893 917
21 99 117 166 202 322 337 345 387 475 574 969
207 606 647 656 718
44 146 174 187 210 329 339 367 402 449 478 653 711 727 820 848 870 882 1000
92 107 171 200 244 252 361 370 393 506 540 571 608 673 677 709 797 798 843 885 949 970 995
10 80 142 165 175 183 191 266 274 305 315 335 383 415 477 481 513 566 587 638 773 911 912 924 926 960
25 158 218 287 296 497 541 674 807 935
62 116 213 276 580 637 735 824
14 19 122 129 243 260 265 290 340 366 388 548 567 575 609 788 837 846 868 905 961 972 999
27 63 72 78 153 185 224 245 303 318 341 355 425 432 445 499 538 550 558 561 564 581 604 691 701 724 760 810 816 878 887 904 938 962 968
332 358 504 610 648 795 833
46 230 255 269 307 405 419 434 468 501 544 545 633 667 681 695 776 909 928 963 994
8 222 234 246 395 433 483 491 493 555 557 582 628 641 650 741 819
1 79 197 198 349 523 611 731 801 945 965
17 22 33 111 151 163 196 211 223 285 297 362 369 396 428 502 584 593 630 684 716 756 860 883 918 943 996
31 228 292 385 527 629 803 842 852 959
