6515.31
5 9 15 37 99 129 153 158 166 194 219 237 254 329 339 366 412 441 458 478 534 563 594 595
40 45 72 76 93 119 136 151 160 163 197 221 271 285 333 336 363 382 395 401 419 430 495 536 542 544 546 580 612 624
49 61 77 104 147 175 231 256 312 489 491 593
354 406 627
18 48 63 68 82 90 100 107 111 161 182 205 208 220 224 226 258 260 284 287 293 297 306 318 324 327 365 367 387 403 409 424 435 469 472 473 493 510 516 529 535 557 576 590 596 618 621 623
4 65 116 174 189 213 298 321 374 378 407 477 480 498 499 502 511 549
10 12 13 22 25 28 33 39 43 86 106 114 115 118 120 123 125 168 184 187 201 217 218 222 225 242 245 250 259 268 277 286 292 309 325 343 375 379 394 399 405 415 425 426 431 462 466 471 476 479 512 514 525 528 533 583 597 598 608 620
30 34 83 89 98 112 121 145 165 229 243 248 257 272 314 334 358 369 370 388 440 464 487 521 538 566 611
3 26 51 56 62 64 71 92 109 117 122 169 171 172 185 193 206 211 214 235 270 274 296 307 315 316 340 384 391 393 418 434 442 445 450 475 496 503 505 532 540 547 561 570 585
20 27 31 130 209 255 266 275 279 280 289 291 305 551 564 568 582 602 604 610 615
8 38 41 84 91 96 105 113 137 139 149 156 162 190 199 200 202 212 236 240 252 262 282 303 311 320 330 342 348 351 380 400 402 411 413 422 428 432 453 459 474 506 509 522 537 543 555 556 567 577 588 592 616
2 11 44 57 58 94 142 143 167 210 223 232 239 264 273 290 322 346 353 364 383 404 460 467 468 481 488 492 572 573 584 586 599 601 613 625
23 29 53 55 88 101 132 134 179 215 228 251 269 302 308 313 347 372 376 410 443 451 457 482 483 518 530 550 554 571 578 605 609
47 54 60 66 70 73 78 80 97 127 131 150 157 176 177 188 204 238 310 323 337 338 349 352 355 362 377 390 408 420 437 448 454 500 501 524 526 553 559 565 575 628
6 14 17 36 50 52 69 74 79 95 102 108 133 135 148 170 178 180 195 207 227 241 246 253 261 276 283 288 295 304 317 328 332 344 345 350 357 396 414 417 433 438 447 449 452 463 470 490 497 520 523 539 545 552 562 579 614
1 144 152 181 234 299 341 484 485
24 59 75 110 128 140 141 155 164 173 186 196 203 244 247 263 281 301 356 359 368 371 381 385 416 427 429 446 461 504 508 548 569 574 587 591 622 626 629
7 42 87 126 191 294 331 361 436 517 519 541 603 606 619
16 21 32 35 46 67 81 85 103 138 146 154 159 183 192 198 216 230 233 249 265 267 278 300 319 326 335 360 373 386 389 392 397 398 421 439 444 456 486 494 507 513 515 527 531 558 560 589 600 607 617
19 124 423 455 465 581
