10555.80
41 48 49 61 100 147 148 160 170 210 273 280 345 426 452 483 513 514 604 645 691 701 727 730 736 758 811 838 854 917 924 952 963 995
2 30 58 97 126 142 162 191 237 255 256 322 331 371 385 407 450 469 482 539 545 576 587 629 651 664 708 731 752 798 804 833 841 847 897 961
7 23 25 26 90 92 119 161 165 258 333 339 368 378 429 435 471 528 541 548 572 582 674 706 751 785 795 822 891 912 923 936 970 991
28 130 171 179 394 636 761 903 948
462 895 959
77 166 173 178 207 332 381 425 453 475 524 641 643 696 698 723 726 754 791 816 843 908 937 939
244 472 637 906 927 934 999
121 125 230 403 612 642 693 779 871 896 905 928 962
259 293 375 432 512 732 760 845 972
14 21 43 63 65 72 74 153 176 177 221 245 270 334 408 430 522 557 579 601 627 662 680 682 724 792 831 834 861 869 900 931
164 344 366 389 909
3 71 113 159 184 214 225 268 348 423 438 449 553 560 569 580 633 711 746 769 812 888 918 984
387 404 517 556 575 619 675 776 874 921 996
12 20 34 56 115 146 157 163 231 358 446 485 547 562 571 623 715 717 762 766 774 800 810 821 855 867 910 998
24 57 96 99 108 124 131 141 181 189 201 236 247 262 328 336 351 382 464 646 684 694 839 852 886 993
76 305 338 340 376 380 603 644 817 887 911 922 958
182 372 415 428 441 467 479 494 504 546 563 605 613 632 678 734 735 806 890 898 925 974 994
13 22 70 110 132 152 154 167 195 209 275 342 343 384 409 427 433 442 476 492 498 554 561 590 669 671 703 713 790 827 864 872 880 902
17 27 42 243 250 254 311 319 411 480 516 578 638 681 702 739 794 832 877 884 1000
52 55 98 143 205 229 242 251 289 405 497 531 611 743 830 858 876 943 949 951 983 989 997
60 105 122 127 175 265 281 291 295 314 416 461 473 520 523 537 559 570 608 610 652 660 685 690 697 720 775 809 815 835 881 940 944 947 950 955
128 140 199 226 363 454 470 525 544 551 666 808 814 826 875
89 94 134 155 158 193 248 276 459 481 508 616 635 653 683 689 768 807 819 930 932 933 945
33 45 59 69 107 151 212 306 356 359 396 418 468 502 534 558 599 620 630 640 659 672 687 707 738 846 913 938
104 144 196 298 313 330 353 365 388 444 456 474 499 505 526 555 567 606 614 631 648 654 658 695 716 744 770 778 789 797 844 856
37 39 66 85 95 101 109 187 218 220 354 367 386 398 400 413 451 493 530 564 595 607 609 655 663 722 753 755 765 773 780 783 818 853 915 946 953 973
35 53 75 112 116 150 192 233 249 272 282 300 304 308 362 370 406 484 488 532 542 593 598 600 657 718 749 750 964 976 979 990
203 223 297 402 422 487 507 510 594 596 679 710 836
4 10 40 111 235 309 335 410 434 489 501 503 529 536 540 656 668 692 802 848 889 919 954 992
62 93 123 204 219 443 686 813 849 935 987
9 54 200 238 350 392 445 490 527 602 649 772 787 820 865
15 19 82 86 135 139 194 215 261 267 288 307 310 337 377 379 436 437 440 500 519 533 565 634 665 670 673 688 704 759 777 801 803 879 883 893 965 975
68 120 198 257 278 292 296 346 364 395 401 589 625 860 969
38 227 369 391 447 506 650 756 786 980 985
46 87 88 137 174 246 285 373 390 420 509 518 550 574 618 626 647 705 805 859 873 878 982
1 138 185 260 312 417 465 700 799 857 941 957 968
11 16 44 73 79 106 156 232 318 357 419 477 511 568 617 628 709 745 782 866 885 914 967
252 284 538 971
114 299 302
36 169 213 271 287 457 458 577 592 597 624 757 763 793 825
8 29 102 149 188 208 316 424 431 439 584 622 740 741 956
31 51 83 91 136 180 183 202 211 217 234 263 294 317 321 349 399 421 448 495 549 566 586 661 676 677 725 728 747 748 767 771 824 882 904 907 920
64 277 341 699 829 840 842 863 899
145 241 552
50 81 190 206 279 283 286 324 412 414 463 515 521 591 615 714 719 721 737 788 823 862 942
84 118 133 172 274 347 355 374 491 581 585 639 667 712 870
239 290 327 393 573 621 742 851 916 926 929
78 216 240 315 323 325 329 397 478 543 784 850 901 978 986
5 6 18 47 67 103 117 129 168 186 197 224 228 253 264 266 269 301 303 352 361 455 460 486 535 583 733 764 781 828 837 892 894 960 977 988
32 80 222 320 326 360 383 466 496 588 729 796 868 966 981
