8003.26
7 20 204 271 298 320 351 364 411 419 422 440 464 486 487 494 504 514 536 554 557 616 632 657 669
11 64 114 131 137 142 155 183 217 233 284 310 311 362 395 399 430 432 434 438 484 491 524 563 572 594 604 638 685
2 17 23 26 44 145 154 158 175 185 249 286 288 292 321 474 492 521 537 568 614 683 686
34 35 51 70 86 87 161 190 194 222 241 297 379 385 516 642 667
50 106 109 198 230 232 235 236 255 325 331 342 401 408 445 511 513 530 561 573 613 623 681 688 699
58 76 80 139 285 307 344 404 417 444 497 576 658
46 162 295 296 330 500 556 560 586 661 694
49 95 258 269 544 607
84 191 289 338 360 370 412 498 684
13 16 37 98 116 206 231 252 256 266 270 336 421 423 457 459 466 499 507 529 532 545 566 587 617 649 654 673 700
27 53 81 119 170 186 201 210 244 254 283 324 341 356 369 390 429 436 463 489 520 540 567 602 606 622 650 659 662
9 47 66 67 89 99 126 178 193 203 214 224 225 253 313 323 340 357 368 393 396 427 428 433 441 519 553 593 615 645
40 61 73 83 129 143 174 195 216 277 306 318 328 372 469 505 522 523 577 580 598 603 621 634 635 637 640 651 697
6 8 18 68 69 77 115 125 132 134 163 164 443 458 517 518 538 596 620 656
3 21 100 335 402 460 636
19 42 75 110 147 153 166 168 345 367 447 449 465 533 547 555 646 670 672 679
10 28 54 188 211 268 303 333 439 485 612 625 660 690 691
14 38 63 108 133 159 220 319 343 363 552 558 578 581 591 643 682
45 176 212 264 265 312 347 348 407 420 534 539 618 676
29 41 72 93 113 130 150 184 228 240 437 476 629 644 668
36 39 103 148 187 238 281 293 352 386 468 624 626
85 181 259 287 377 403 501 592 608 666
5 24 33 60 105 121 127 157 171 180 200 221 239 242 302 327 354 365 383 392 431 455 462 473 495 506 564 583 588
25 30 56 82 144 149 182 247 276 299 317 332 334 371 388 479 528 541 548
88 107 177 202 209 653 677
172 192 196 346 397 454 467 472 478 483 579
57 156 208 509 510
65 229 243 305
31 112 167 207 227 263 406 527 543 589
22 48 104 152 373 394 410 542 559 692
12 15 124 146 219 251 261 272 282 309 359 374 378 381 398 413 425 435 470 493 531 535 549 550 595 605 639 687 695
246 262 416 451 502 515 693
43 291 300 450 551 570 611 619 627 652 696 698
55 71 79 122 173 245 274 275 301 315 400 424 426 446 453 488 525 574 585 647
1 102 120 141 165 199 215 387 418 512 565 582 609 664 674
4 62 94 128 135 248 250 257 260 280 294 304 308 353 384 405 442 475 562 628 631 663 675
78 118 123 136 151 160 169 213 279 316 349 350 355 448 456 471 575 597 599 633 648 689
90 97 179 314 329 375 409 477 482 490 546 600 630
32 74 101 111 117 138 140 189 197 205 218 226 267 322 326 337 361 376 380 382 389 481 508 569 584 601 641 665 678
52 59 91 92 96 223 234 237 273 278 290 339 358 366 391 414 415 452 461 480 496 503 526 571 590 610 655 671 680
