7639.56
15 28 61 109 117 153 318 328 334 344 360 361 387 526 582 605 609 678
34 36 51 118 130 177 214 296 312 314 330 340 357 376 418 460 463 545 586 650 651 662 690 695 725 742 764 790
45 69 77 95 116 142 150 172 173 193 200 244 274 277 279 304 396 517 535 603 616 637 671 689
58 206 251 253 259 267 343 349 353 375 440 447 521 529 534 554 591 607 617 621 624 677 721 734 746 753 802
5 24 35 44 82 139 158 198 201 216 254 351 363 365 372 383 392 401 410 446 525 549 558 571 653
667 674 787
23 53 97 114 249 284 295 319 335 395 445 480 766 768
16 137 161 181 777 791 804
57 74 260 268 286 288 348 378 382 414 473 476 477 491 596 597 608 610 612 646 707 803
30 78 90 132 245 250 325 336 417 423 465 512 518 583 599 613 618 632 638 759 769 770
85 168 327 700 718
111 112 179 188 209 226 229 263 281 291 294 305 368 424 443 566 620 648 708 717 762 784 792
12 65 84 88 98 99 121 184 185 218 252 282 412 426 466 486 496 505 506 510 513 532 563 572 619 720 730 732 736
31 135 174 400 728
54 64 258 592 625 635 676
147 331 514
18 60 66 145 190 230 248 302 501 507 530 542 606 633 765
154 157 170 272 315 316 321 332 338 370 373 379 416 420 456 493 539 573 641 663 691 739 781 785
3 9 48 59 102 131 196 219 228 264 269 287 290 341 352 394 403 461 472 511 536 588 665 692 702 756 758 789 795
14 22 33 87 92 101 133 199 210 241 289 323 324 329 389 404 406 408 562 574 626 684 694 706 709 771 796 805 808
37 71 72 80 119 159 186 221 227 283 347 356 366 367 377 459 479 492 515 522 524 551 564 585 661 757 776
41 211 233 242 246 393 439 469 495 504 520 543 550 559 639 657 666 685 714 755 772
55 89 100 108 134 138 140 171 178 180 189 194 202 217 235 278 301 390 397 464 467 488 502 540 602 712 731 775 807
2 76 125 144 163 239 342 411 444 454 531 553 630 643 672 681 761
10 21 26 29 38 42 96 195 306 430 441 546 547 575 601 622 636 645 656 679 701 724 729 747 773
127 203 213 437 580 687
7 155 169 224 240 337 381 407 470 490 552 595 598 649 668 713 780
13 32 43 175 183 197 266 271 308 402 425 442 450 485 555 594 744
17 49 50 156 191 234 422 449 478 516 548 556 584 675 686 719 738
164 494 537 565 752
52 103 141 160 208 261 276 299 346 355 374 405 421 427 457 533 576 628 652 655 723 737 783 809
136 162 257 300 409 438 627 629 735 797
262 434 455 578
8 70 86 105 128 146 151 176 205 207 310 333 380 431 436 462 523 560 589 593 614 631 644 745 760 782 786
27 39 63 148 231 285 293 413 468 475 489 498 499 508 538 642 660 698 727 751 794
113 115 129 182 187 204 256 297 364 428 429 497 503 557 568 647 670 683 733 741 749 793
46 47 81 93 94 126 152 220 222 232 238 243 270 292 313 358 432 448 458 500 590 669 693 704 705 743 767 799 806
68 265 273 275 317 326 385 391 433 451 474 570 579 581 659 664 697 740 748 754
4 19 56 79 120 167 212 215 255 298 354 384 481 483 527 528 577 788
1 11 91 110 143 225 237 280 311 398 471 484 567 569 611 615 623 798
40 166 435
6 73 75 107 122 165 192 359 369 415 452 482 487 509 561 604 634 640 658 680 703 711 715 750 763 774 778 801
25 83 124 149 223 247 307 320 345 371 386 419 541 544 587 699 779 800
20 62 104 236 309 519 682 696 722 726
67 106 123 303 322 339 350 362 388 399 453 600 654 673 688 710 716
