9913.50
19 27 278 427 479 541 551 558 618 692 710 789 802 822 843 856 974
105 136 178 182 235 382 414 448 476 592 685 836
28 38 67 126 128 131 135 169 184 204 240 260 308 330 384 387 402 408 442 450 454 492 560 568 573 606 615 621 683 722 790 889 989
22 117 165 255 423 526 650 701 916 936
191 241 257 300 315 412 462 470 499 561 607 609 617 646 747 821 830 837 880 896 904 919
5 30 79 109 142 179 183 223 232 250 268 303 325 331 363 381 400 431 451 544 553 774 809 853 917 927
55 119 132 271 718 748 769 812 923 976 981 986
13 20 42 147 200 202 212 213 214 284 333 343 364 385 388 398 458 495 510 528 540 565 567 590 712 777 788 873 964 980 994
59 101 192 413 761 910 928
8 81 100 143 168 170 230 304 336 434 441 483 493 509 519 525 534 549 589 625 643 649 655 663 695 723 732 738 744 819 841 850 905
45 47 83 91 127 187 194 206 225 237 246 264 299 317 401 539 585 591 622 630 665 687 746 756 772 801 807 826 859 866 868 870 884
4 167 193 208 221 285 302 328 437 463 702 740 771 799 800 817 932 959 1000
2 9 12 231 283 289 349 377 449 472 490 521 532 538 616 641 688 784 814 854 874 876 878 965 985 995
18 26 48 85 86 301 309 371 392 444 480 518 537 593 644 736 775 783 828 942 957
40 53 102 270 515 613 818 898 962
227 236 409 428 446 464 505 631 691 766 786 840 846 940
145 160 173 196 249 351 394 404 484 594 647 758
313 327 370 798 804
14 61 64 93 123 148 152 162 171 174 188 226 295 329 419 422 557 564 632 636 642 657 694 729 759 794 869 952 977
504 707 714 773 844 922 934
15 23 24 36 51 82 97 274 280 281 307 362 403 421 430 440 513 523 559 576 605 672 674 721 847 851 903 906 918 950 999
56 115 357 443 624 638 659 660 669 785 835 871 920 933 983
77 177 211 338 456 531 577 673 717 893
1 3 34 71 98 137 155 217 242 276 310 321 354 355 386 429 516 530 542 581 698 760 762 858 865 881 956 972 984
150 247 359 366 405 459 514 637 661 679 699 727 735 796 825 895
99 222 238 411 597 619 689 693 768 778 813 820 875 892 901 907 926 949 973
163 742 855 987
76 106 279 293 306 501 552 583 587 696 716 816 864 908 915
62 63 120 181 245 399 426 436 438 460 487 508 678 737 791 937 945 988 996
6 25 37 121 158 180 209 266 312 347 368 474 502 506 601 629 684 705 741 765 897 941
149 219 311 406 461 517 664 755 890 938
54 73 233 334 335 352 571 963 992
146 159 951 967 990
10 33 66 198 199 210 258 273 275 277 305 323 415 425 445 482 497 529 556 582 595 608 626 627 648 677 690 700 720 754 811 838 954 960 975 991 998
84 96 134 176 218 267 272 346 361 391 397 555 708 713 728 793 810 845 848 857 921
103 195 548 686 776 891
7 46 49 65 87 111 153 203 229 248 297 340 342 356 369 376 378 447 457 475 491 511 512 536 569 675 739 749 764 849 872 894 912 961 968
78 141 161 185 254 324 360 435 455 477 486 500 563 578 603 610 667 752 797 861 924 929 946 947
68 75 94 290 393 418 453 469 503 533 550 628 652 670 703 750 779 792 832 863 882 883 886 902 971 997
39 41 43 50 58 72 112 125 129 130 133 151 172 228 234 256 291 296 396 468 570 584 598 600 680 706 743 795 803 827 862 969
31 52 90 154 157 166 261 350 383 417 599 639 645 668 676 681 730 834 911 925 993
124 189 220 286 326 390 566 725 734 900
35 70 138 139 156 216 252 253 292 294 332 339 344 365 374 375 380 410 416 466 485 524 596 640 654 682 719 787 805 806 831 860 979
21 92 95 108 215 244 282 319 452 574 575 635 658 711 733 833 842 885 930 953 966
17 89 186 207 372 389 420 507 522 547 579 614 633 656 709 877 914
107 122 251 269 298 322 353 546 588 634 653 763 782 823 824 931
104 110 164 175 205 224 259 316 318 407 467 471 481 488 494 498 562 580 604 611 620 671 697 757 815 879 887 899 939
11 29 32 60 69 80 116 140 190 239 265 288 345 358 379 473 496 527 535 543 545 554 572 586 602 724 751 767 770 808 852 888 935 943 948
88 113 118 201 314 320 337 348 367 373 432 433 465 478 520 666 704 715 780 955 958 970 978 982
16 44 57 74 114 144 197 243 262 263 287 341 395 424 439 489 612 623 651 662 726 731 745 753 781 829 839 867 909 913 944
