9352.67
11 26 32 49 149 151 154 286 305 334 403 467 484 526 579 623 647 662 674 732 798 895 899 934 936 943 958 967 988
56 70 87 109 117 145 376 378 389 536 540 542 561 603 668 679 680 709 713 797 859 871 897 952 989 993
1 20 37 54 79 113 139 144 211 224 340 473 496 504 517 525 529 549 560 570 608 614 651 689 744 748 757 854 857 861 887 927
393 451 474 580 940 961 994
6 73 576 902
143 277 313 343 390 417 625 640 950 972
15 247 288 349 401 697 753 768 800 850 932 939 959 980 984
68 310 741
66 159 203 287 330 408 414 455 465 519 544 574 581 599 611 642 657 682 720 738 868 908 928 964
38 80 168 285 663 719 760 844 877 978
124 228 332 553 860
21 74 137 200 234 236 276 296 411 423 462 513 566 568 613 686 692 736 751 766 783 879 931 937
39 186 297 500 655 704 756 781 801 812 873 892 947 974 992
59 64 85 217 271 272 312 436 489 515 538 555 565 569 585 684 729 782 793 799 870 960
199 328 405 740 803
9 16 30 129 146 174 190 196 212 215 281 335 339 351 406 420 447 476 507 511 531 537 624 653 678 691 722 742 794 838 893 907
91 120 147 148 153 250 265 279 397 725 737 845 865 874 881 922 929
108 415 687 813 816
23 33 55 57 76 83 106 177 201 252 298 342 344 442 458 499 563 567 696 707 769 773 830 843 848 916 999
46 75 86 150 175 221 238 257 259 319 497 577 587 620 622 638 648 661 761 826 864 910 914 926 933 942 949 968 976 983 986 987
35 42 50 101 111 136 162 195 205 220 233 243 245 255 301 327 379 428 431 450 506 535 539 628 670 710 749 779 795 810 853 973
19 48 88 112 225 369 418 444 483 486 510 514 518 701 784 806 977
7 8 13 82 116 185 321 439 443 523 631 656 700 745 754 778 814 851 876 948 1000
31 41 43 72 77 152 189 292 307 318 433 559 571 572 610 639 666 695 786 802 833 834 856 918 963 971 995
3 96 161 178 210 246 256 264 337 354 368 387 412 430 479 481 501 590 593 594 665 716 763 789 811 846 905 915 935 944 953 962
78 99 125 138 155 216 266 275 314 322 323 445 456 482 495 644 675 683 705 730 776
262 269 355 386 394 505 548 634 641 652 739 819 832 900
24 89 104 134 135 193 254 273 284 345 365 478 612 714 822 885 913 920 998
58 63 67 114 121 302 325 333 338 347 382 385 425 448 524 527 550 699 718 771 820 894 966 996
10 51 100 102 103 126 172 173 183 198 214 223 231 270 289 291 293 350 364 375 449 503 632 637 649 727 817 823 829 841 957 965
17 157 165 166 179 227 249 278 311 341 360 398 402 584 604 615 617 621 698 728 906 917 945 954
2 4 47 61 71 84 194 208 219 241 267 294 316 367 391 409 463 573 592 595 605 607 627 633 673 694 703 731 770 788 979
110 141 171 197 295 300 317 331 384 395 424 429 437 468 509 520 522 530 534 635 658 659 712 746 752 787 815 855 862 889 997
90 244 373 557 835
251 475 664 669 921
28 36 65 93 119 167 207 261 290 320 329 346 348 426 432 435 477 485 516 586 589 667 681 685 721 755 767 775 891 912 951 982
52 94 169 188 192 222 235 303 358 438 446 487 491 493 543 545 564 596 601 676 715 747 772 777 804 831 858 880 938 969 991
27 60 191 263 324 370 371 404 452 532 671 723 825 863 867 898 925 955 981
158 160 229 472 708 842 869
62 98 130 204 226 274 336 388 454 464 598 626 654 734 750 759 809 875 884 888 896 909 930 975
34 163 182 184 202 240 258 282 304 359 380 392 399 466 494 512 528 556 591 597 619 650 762 785 790 805 837 911 941
115 181 218 232 239 260 356 410 416 419 434 453 470 471 488 492 502 546 552 558 660 807 824 827 839 847 901 903 923
5 14 25 107 122 187 237 248 309 326 363 366 381 421 427 441 508 551 582 645 690 706 764 796 818 882 919
268 422 588 646 774 821 828 886 956
18 92 95 118 128 132 209 213 306 308 361 362 383 469 480 547 554 583 602 618 643 677 733 735 743 791 808
45 142 176 299 315 377 400 575 630 693 758 792 840 852 970
29 44 105 123 133 156 164 283 352 374 460 490 521 541 606 702 904 985 990
12 22 53 69 81 97 127 180 280 372 396 457 562 578 600 616 629 688 711 717 765 836 849 872 878 883 946
131 206 230 242 407 413 440 459 461 609 636 672 724 726 780 866 890
40 140 170 253 353 357 498 533 924
