103179.14
22 76 79 126 140 179 213 221 227 259 271 301 335 377 426 453 484 583 600 602 636 646 662 673 692 713 734 838 862 865 871 892 896 911 922 954
42 116 128 131 141 143 159 160 181 192 262 297 300 305 350 397 399 400 412 423 428 433 458 485 493 505 518 523 531 533 549 560 571 598 671 679 724 735 744 768 821 872 875 882 909 957 982 984
36 74 75 78 106 152 162 197 238 243 257 267 272 286 291 381 436 450 472 476 489 500 504 554 577 616 624 696 697 700 710 720 731 737 752 767 792 810 839 840 844 866 894 918 923 953 975 983
57 269 289 323 325 415 490 559 561 726 781 833
85 142 166 214 356 364 425 465 483 514 579 802 898
5 6 11 34 80 108 114 130 156 178 183 199 207 307 312 345 348 386 394 424 438 443 501 502 544 582 621 627 638 658 666 681 716 738 743 807 832 834 851 870 879 895 913 951 967 973 985
196 248 499 548 801 829 859 885 929 933 958 976 998
7 8 13 48 60 61 133 209 217 219 239 263 264 293 306 322 467 482 491 495 595 604 619 625 649 656 691 733 751 777 785 797 825 826 877 907
19 37 99 101 107 124 127 136 139 169 170 308 402 430 435 440 451 469 474 497 524 529 541 562 580 585 620 628 650 660 727 754 758 766 804 820 822 841 842 880 889 930 937 944 949 964 995
55 69 98 138 144 150 151 158 175 182 206 222 266 274 285 294 310 363 367 382 390 395 446 448 455 463 507 512 516 522 555 557 568 570 603 631 639 659 667 668 674 675 678 701 717 729 736 740 772 774 784 791 793 819 831 853 855 860 864 897 904 920 924 928 947 962 965 970 972 978 980
20 21 28 38 46 56 86 91 110 112 135 146 157 187 193 200 216 230 234 236 258 275 277 302 317 339 342 351 355 361 401 403 406 417 459 486 492 498 510 511 542 553 574 581 606 608 622 623 626 632 642 665 670 683 685 693 698 704 709 732 750 755 782 788 795 799 813 814 816 823 843 848 910 915 917 932 936 942 960 963 979 990 994
63 168 321 437 509 528 584 601 614 723 753 934 935
3 14 41 50 81 93 95 121 149 154 163 176 215 232 240 244 273 281 298 340 349 354 375 387 409 488 515 526 535 572 610 634 637 669 672 712 721 747 773 806 828 835 849 852 902 925 1000
58 242 246 314 457 468 654 655 757 881 900 916
15 18 24 33 47 73 92 100 104 122 134 174 185 211 233 249 250 268 288 318 331 336 343 365 391 392 407 422 427 431 452 464 478 590 599 605 612 630 651 653 663 664 707 771 775 776 780 794 796 812 847 854 869 887 888 919 959 987 992
2 10 17 25 27 64 66 88 96 115 119 145 148 155 164 201 208 210 223 226 228 237 253 276 292 304 319 330 333 341 344 346 368 384 388 408 420 441 444 460 487 494 513 539 558 563 569 573 586 588 617 635 641 647 680 682 684 687 689 694 702 703 705 718 725 741 742 756 759 765 798 803 809 867 906 914 921 940 945 946 956 974 991
4 29 30 31 54 72 77 84 89 94 120 137 167 180 186 195 198 205 220 229 231 299 303 324 334 347 370 374 404 405 418 445 449 466 475 477 479 520 525 537 565 576 578 589 613 615 640 645 657 695 714 722 745 748 800 805 808 817 827 837 845 857 868 873 876 878 901 903 939 950 961
26 32 35 40 43 45 52 70 87 90 97 102 105 109 111 117 123 129 153 189 204 212 225 245 252 255 261 265 279 280 287 290 309 316 320 327 328 332 353 362 369 371 393 419 421 432 462 471 506 508 521 527 534 536 543 551 556 567 629 633 643 644 648 699 711 715 746 749 763 764 778 815 836 850 856 861 863 890 927 948 968 977 999
16 59 83 132 218 283 329 352 359 373 380 434 519 545 547 587 591 597 686 730 761 818 824 971
12 113 118 165 177 184 191 203 235 247 270 358 416 442 480 503 538 540 552 575 596 652 677 690 706 728 789 811 846 893 905 926 938 969 981 989
1 23 39 44 49 51 62 65 67 82 125 147 171 172 190 194 224 241 251 278 284 295 296 311 338 360 366 372 378 379 385 410 413 414 454 461 470 473 481 532 546 564 566 592 593 594 611 618 661 676 708 719 739 762 769 770 783 786 790 830 874 886 899 908 931 943 952 955 986 988 996
9 53 68 71 103 161 173 188 202 254 256 260 282 313 315 326 337 357 376 383 389 396 398 411 429 439 447 456 496 517 530 550 607 609 688 760 779 787 858 883 884 891 912 941 966 993 997
