1019.28
39 41 87 171
8 91 92 122
33 59 82 101
36 85 141 176
9 32 86 148
6 28 134 143
17 121 150 168
20 29 48 79
3 38 102 166
83
43 81 105 172
24 90 97 131
16 58 110 111
71 99 106 169
54 65 72 104
60 89 149 161
68 109 137
15 51 67 107
142 151 157
49 74 77 118
44 61 88 116
57 139 147
64 103 130 159
1 78 93 132
19 62 124 146
42 47 108 123
18 96 127 136
45 52 154 180
84 113 129 178
12 26 117 138
114 152 160
13 50 95 167
30 125 174
25 56 128 173
14 112 144 170
4 31 66 153
5 70 133 165
23 35 126
73 175 177 181
63 69 94
53 115 164
135 140 158
100 119 162
80 98 179
11 145 163
2 21 76
10 22 46
7 120 155
27 40 55 75
34 37 156
