10407.33
171 371 454 498 582 612 684 823 869 876 896 904 934 938 939 959 969 974
520 576 713
102 670 886 977
64 124 155 156 218 261 406 418 432 461 500 506 524 743 807 850 866 895 961 971 986
26 30 39 49 75 78 81 189 337 347 417 548 549 585 603 620 653 754 800 811
203 293 403 484 536 584 687 746 763 804 815 835 845 847 885 905 965
44 87 108 162 274 321 364 387 424 480 499 521 591 615 643 701 717 751 816 863 867 933
6 11 51 92 169 214 246 290 316 323 412 428 543 599 657 663 742 772 822 924 944 954 989
9 37 84 106 181 236 307 332 338 367 453 469 514 635 729 766 785 819 893 981
12 36 256 277 302 339 361 389 466 516 534 580 605 695 696 718 750 838 846 887 985
288 378 680 722 821 854 983
28 57 135 152 225 250 268 271 282 369 399 410 415 434 449 459 460 492 569 590 619 671 714 719 789 861 880 943 957 982
7 23 48 85 109 128 143 151 213 226 276 286 331 353 356 551 637 679 689 798 888 901
328 346 354 379 404 413 446 467 532 554 606 647 707 740 752 796 802 851 856 903 927 946 975
243 444 649 720 728 770
34 103 105 245 279 394 458 468 509 613 621 654 658 675 699 777 782 841 865 891
136 322 348 533
54 79 90 120 130 161 166 193 287 297 326 429 470 488 502 530 535 587 602 604 702 765 774
32 144 173 202 208 329 334 340 431 475 476 511 579 650 660 668 676 709 725 834 848 916 932 953 993
72 167 197 215 217 269 358 383 450 487 493 504 518 553 565 571 594 597 627 678 780 827 842 882 915 917 926 976
10 19 188 194 195 205 230 259 295 303 306 330 342 350 478 483 626 633 665 666 698 988 996
25 82 177 240 299 398 400 631 672 758 852
1 18 42 63 95 110 139 158 206 211 220 242 351 352 363 423 427 441 495 512 513 523 573 638 716 731 732 783 839 936 950 987 990
4 20 22 29 33 52 56 58 61 122 180 221 237 266 281 285 309 357 359 380 384 401 408 411 420 455 564 574 577 610 645 723 794 873 881 912 913 931 960 963
77 113 140 222 255 311 324 355 362 368 375 385 414 525 542 607 617 629 711 813 849 872 908 945 968
35 43 45 93 96 101 111 117 134 186 201 229 253 264 300 345 370 430 442 452 462 464 472 473 510 561 570 572 592 601 659 685 733 805 809 829 894 911 928 998
99 198 210 212 273 284 304 318 335 803
24 104 126 148 209 231 241 292 416 425 508 547 557 589 623 681 771 797 826 925 941 947 994
3 38 182 228 336 377 491 539 550 588 611 630 836 900
15 116 125 132 146 192 247 258 317 327 395 437 541 544 575 608 639 655 686 690 721 737 748 756 767 773 787 799 810 817 853 870 899 940 948 970 984
62 67 69 118 127 150 260 275 314 320 438 494 515 537 566 595 636 667 682 694 741 749 759 791 857 921 967 973
14 227 390 422 489 522 586 641 706 727 745 786 808 825 878 980
238 812 831 956
8 31 68 112 114 165 175 184 185 190 204 233 310 386 391 407 409 465 600 726 734 778 942
59 98 107 121 137 160 178 278 366 392 457 471 531 581 583 625 669 735 747 764 784 814 909 995 1000
21 76 89 123 131 145 149 172 239 252 257 296 341 349 376 456 479 545 560 567 644 662 674 703 761 762 775 864 914 919 920 949 958 979 992
41 65 66 119 129 142 154 272 294 301 365 372 419 439 440 661 697 768 769 792 793 855 889 892 997
100 163 280 540 609 860
27 91 174 219 305 315 382 517 538 593 692 781 877 883 910 935 991
60 94 159 397 497 529 628 632 634 640 646 651 776 801 806 962
47 74 249 263 270 374 448 526 527 568 596 622 642 691 705 736 755 859 898 902 918
88 168 187 234 289 373 426 433 481 562 624 712 788 790 828 833
5 53 71 97 138 248 254 313 325 381 405 443 445 474 485 501 505 507 556 648 724 739 820 824 874 890 929 978
17 40 55 176 183 265 291 308 344 360 435 614 618 708 858 966
2 13 83 133 196 216 267 312 388 436 528 546 559 656 700 730 738 875 884 897 907 923 930 951 964
16 70 141 179 200 223 235 283 298 319 451 463 477 482 490 558 563 652 664 677 683 753 760 779 795 830 832 837 844 862 868 871 879 922 937 952 999
50 73 153 157 164 170 191 199 224 343 393 421 447 496 555 616 673 715 744 955
46 80 86 147 232 251 262 333 396 402 503 710 757 818 843 906
115 578 840 972
207 244 486 519 552 598 688 693 704
