10223.89
11 19 78 115 121 124 150 151 193 220 316 354 365 371 431 440 442 498 514 543 570 577 599 649 672 694 698 767 797 831 906 908 916 936 942 960 968
69 105 110 158 159 177 410 445 492 497 518 584 675 688 714 738 781 985
126 182 436 541 571 578 630 631 656 717 905
34 47 102 106 122 132 139 156 189 252 258 264 279 300 312 329 339 422 460 491 538 562 581 610 622 648 731 739 747 769 811 817 830 870 882 911 940 949 981
148 184 217 242 246 250 370 427 438 469 471 528 530 583 640 724 820 984
57 483 533 546 611 958
8 13 50 66 67 104 113 212 249 262 287 293 296 304 346 361 388 437 482 503 569 579 621 741 773 774 791 819 864 898 903 928
5 493 663 733 783
25 36 38 54 80 101 162 172 186 211 256 267 345 404 415 479 489 506 507 542 574 617 712 715 722 780 795 816 849 862 878 884 885 904 912 945 983
117 487 921
7 83 129 133 136 340 353 443 467 475 524 565 582 588 590 594 605 623 664 677 696 750 758 772 793 810 828 879 893 913 931 978 988
289 359 629
9 85 108 173 200 261 386 448 477 553 619 659 746 786 789 889 989
79 123 142 322 363 418 433 587 775 924 937
12 63 163 204 301 401 526 575 589 683 720 840 842
61 77 120 127 147 241 377 490 495 499 537 710 808 917 919
1 18 435 505 549 737 766 853 934
60 143 219 278 285 286 380 523 544 753 759 866 972
56 84 89 260 373 411 455 472 474 478 517 519 525 608 615 681 718 723 728 770 785 825 834 865 892 909 938 977
32 81 118 168 188 218 224 227 237 244 292 338 352 416 419 439 451 509 520 527 580 637 705 706 729 748 761 764 812 815 843 890 948 953 986
4 14 33 74 135 171 187 196 198 240 271 324 368 446 447 488 508 513 620 665 666 745
144 273 321 510 511 534 676 760 918 946 955
330 502 689 692 867
30 647 799
23 225 381 516 628 735 776 801 844
29 72 75 91 92 96 125 130 146 167 174 197 238 295 317 412 429 468 560 561 632 634 673 742 754 800 888 914 967
93 140 194 195 209 265 266 357 428 597 618 641 657 678 682 823 829 833 854 915 925 943 951 979
26 55 154 210 280 358 383 397 414 494 529 532 539 607 639 697 749 798 926 982
10 46 51 59 87 112 153 203 205 214 221 222 223 233 239 298 332 421 426 432 463 473 481 563 642 651 704 779 809 827 856 859 861 873 876 920 969 976 990
31 107 111 164 284 364 366 367 408 535 545 595 603 686 730 824 850 869 899 901 927 939
49 305 521 556 902 957 974
215 512 547 624 635 653 807 818 971
35 65 90 128 157 272 283 327 362 379 576 636 671 777 778 886 894 895 941 980
16 22 41 103 231 335 351 470 486 612 655 803 875 930 965
15 27 45 94 199 202 229 268 270 275 313 349 356 393 586 596 613 616 627 652 658 669 699 700 701 702 751 835 845 874 970 975 992
3 208 303 318 341 376 387 390 434 450 454 484 695 784 787 822 841 933 950 954 956 962
40 73 95 100 328 343 403 417 485 496 661
2 43 58 64 114 119 152 169 170 192 248 255 274 297 308 314 320 331 369 395 400 406 441 462 566 604 668 691 693 708 716 762 837 855 858 880 881 891 991
53 76 86 97 98 161 336 337 350 372 374 375 413 564 591 598 690 736 802 804 805 821 832 860
88 185 344 606
42 44 134 180 228 232 288 384 464 602 852 922 987
20 21 39 160 165 245 251 253 263 269 319 394 399 424 457 458 459 501 551 646 667 674 713 740 883 896 910 932 952 973
62 178 216 247 355 558 662 703 743 756 790 806 963
6 48 52 68 99 109 116 141 175 181 190 201 234 254 276 277 294 306 309 360 385 405 407 452 456 465 466 480 540 626 638 721 726 744 752 851 923
17 138 149 226 230 236 290 307 323 342 347 391 402 430 444 449 515 548 552 567 572 709 719 732 755 771 788 792 796 836 838 839 863 877 900 947 959
243 555
24 70 82 137 155 166 191 213 259 281 291 299 302 310 311 382 398 425 453 461 476 504 559 573 650 685 687 768 813 847 848 871 872 887 897 935 961
37 71 145 206 207 235 257 325 326 334 348 389 396 423 500 522 550 557 614 625 633 645 670 679 684 707 763 826 868 944
131 282 333 409 600 609 644 660 725 734 782 814 966
28 176 179 183 315 378 392 420 531 536 554 568 585 592 593 601 643 654 680 711 727 757 765 794 846 857 907 929 964
